wave,no,time,enemy_id,gate,lane,gold,health,time_auto_next_wave,time_show_button_next,tower_lock,rate_3_star,rate_2_star,limit_total_wave
0,0,0,24,1,0,3100,1,20,20,,18,10,10
0,1,0.5,0,1,0,,,,,,,,
0,2,0,0,1,1,,,,,,,,
0,3,0,0,1,2,,,,,,,,
0,4,0.8,0,1,0,,,,,,,,
0,5,0,0,1,1,,,,,,,,
0,6,0,0,1,2,,,,,,,,
0,7,8,24,1,0,,,,,,,,
0,8,0.5,0,1,0,,,,,,,,
0,9,0,0,1,1,,,,,,,,
0,10,0,0,1,2,,,,,,,,
0,11,0.8,0,1,0,,,,,,,,
0,12,0,0,1,1,,,,,,,,
0,13,0,0,1,2,,,,,,,,
0,14,8,24,1,0,,,,,,,,
0,15,0.5,0,1,0,,,,,,,,
0,16,0,0,1,1,,,,,,,,
0,17,0,0,1,2,,,,,,,,
0,18,0.8,0,1,0,,,,,,,,
0,19,0,0,1,1,,,,,,,,
0,20,0,0,1,2,,,,,,,,
0,21,8,24,1,0,,,,,,,,
0,22,0.5,0,1,0,,,,,,,,
0,23,0,0,1,1,,,,,,,,
0,24,0,0,1,2,,,,,,,,
0,25,0.8,0,1,0,,,,,,,,
0,26,0,0,1,1,,,,,,,,
0,27,0,0,1,2,,,,,,,,
0,28,3,24,1,0,,,,,,,,
0,29,0,24,1,1,,,,,,,,
0,30,0,24,1,2,,,,,,,,
0,31,5,24,1,0,,,,,,,,
0,32,0.5,0,1,0,,,,,,,,
0,33,0,0,1,1,,,,,,,,
0,34,0,0,1,2,,,,,,,,
0,35,0.8,0,1,0,,,,,,,,
0,36,0,0,1,1,,,,,,,,
0,37,0,0,1,2,,,,,,,,
0,0,0,23,4,0,,,,,,,,
0,1,0.5,1,4,0,,,,,,,,
0,2,0,1,4,1,,,,,,,,
0,3,0,1,4,2,,,,,,,,
0,4,0.8,1,4,0,,,,,,,,
0,5,0,1,4,1,,,,,,,,
0,6,0,1,4,2,,,,,,,,
0,7,8,23,4,0,,,,,,,,
0,8,0.5,1,4,0,,,,,,,,
0,9,0,1,4,1,,,,,,,,
0,10,0,1,4,2,,,,,,,,
0,11,0.8,1,4,0,,,,,,,,
0,12,0,1,4,1,,,,,,,,
0,13,0,1,4,2,,,,,,,,
0,14,8,23,4,0,,,,,,,,
0,15,0.5,1,4,0,,,,,,,,
0,16,0,1,4,1,,,,,,,,
0,17,0,1,4,2,,,,,,,,
0,18,0.8,1,4,0,,,,,,,,
0,19,0,1,4,1,,,,,,,,
0,20,0,1,4,2,,,,,,,,
0,21,8,23,4,0,,,,,,,,
0,22,0.5,1,4,0,,,,,,,,
0,23,0,1,4,1,,,,,,,,
0,24,0,1,4,2,,,,,,,,
0,25,0.8,1,4,0,,,,,,,,
0,26,0,1,4,1,,,,,,,,
0,27,0,1,4,2,,,,,,,,
0,28,3,23,4,0,,,,,,,,
0,29,0,23,4,1,,,,,,,,
0,30,0,23,4,2,,,,,,,,
0,31,5,23,4,0,,,,,,,,
0,32,0.5,1,4,0,,,,,,,,
0,33,0,1,4,1,,,,,,,,
0,34,0,1,4,2,,,,,,,,
0,35,0.8,1,4,0,,,,,,,,
0,36,0,1,4,1,,,,,,,,
0,37,0,1,4,2,,,,,,,,
0,0,6,32,2,1,,,,,,,,
0,1,3.5,32,2,2,,,,,,,,
0,2,3.5,32,2,1,,,,,,,,
0,3,3.5,32,2,2,,,,,,,,
0,4,3.5,32,2,1,,,,,,,,
0,5,3.5,32,2,2,,,,,,,,
0,6,3.5,32,2,1,,,,,,,,
0,7,3,32,2,2,,,,,,,,
0,8,2,32,2,1,,,,,,,,
0,9,2,32,2,2,,,,,,,,
0,0,6,32,3,1,,,,,,,,
0,1,3.5,32,3,2,,,,,,,,
0,2,3.5,32,3,1,,,,,,,,
0,3,3.5,32,3,2,,,,,,,,
0,4,3.5,32,3,1,,,,,,,,
0,5,3.5,32,3,2,,,,,,,,
0,6,3,32,3,1,,,,,,,,
0,7,2,32,3,2,,,,,,,,
1,0,5,29,0,1,,,,,,,,
1,1,5,29,0,2,,,,,,,,
1,2,5,29,0,1,,,,,,,,
1,3,5,29,0,2,,,,,,,,
1,4,5,29,0,1,,,,,,,,
1,5,5,29,0,2,,,,,,,,
1,6,5,29,0,1,,,,,,,,
1,0,0,3,1,1,,,,,,,,
1,1,0,3,1,0,,,,,,,,
1,2,2,32,1,2,,,,,,,,
1,3,0,32,1,0,,,,,,,,
1,4,3,3,1,1,,,,,,,,
1,5,0,3,1,0,,,,,,,,
1,6,2,32,1,2,,,,,,,,
1,7,0,32,1,0,,,,,,,,
1,8,2,3,1,1,,,,,,,,
1,9,0,3,1,0,,,,,,,,
1,10,3,32,1,2,,,,,,,,
1,11,0,32,1,0,,,,,,,,
1,0,8,23,2,1,,,,,,,,
1,1,0,23,2,0,,,,,,,,
1,2,3.5,23,2,2,,,,,,,,
1,3,0,23,2,0,,,,,,,,
1,4,3.5,24,2,1,,,,,,,,
1,5,0,24,2,0,,,,,,,,
1,6,3.5,24,2,2,,,,,,,,
1,7,0,24,2,0,,,,,,,,
1,8,3.5,24,2,1,,,,,,,,
1,9,0,24,2,0,,,,,,,,
1,10,3.5,24,2,2,,,,,,,,
1,11,0,24,2,0,,,,,,,,
1,12,3.5,24,2,1,,,,,,,,
1,13,0,24,2,0,,,,,,,,
1,0,0,3,4,1,,,,,,,,
1,1,0,3,4,0,,,,,,,,
1,2,2,32,4,2,,,,,,,,
1,3,0,32,4,0,,,,,,,,
1,4,3,3,4,1,,,,,,,,
1,5,0,3,4,0,,,,,,,,
1,6,2,32,4,2,,,,,,,,
1,7,0,32,4,0,,,,,,,,
1,8,2,3,4,1,,,,,,,,
1,9,0,3,4,0,,,,,,,,
1,10,3,32,4,2,,,,,,,,
1,11,0,32,4,0,,,,,,,,
1,0,8,24,3,1,,,,,,,,
1,1,0,24,3,0,,,,,,,,
1,2,3.5,24,3,2,,,,,,,,
1,3,0,24,3,0,,,,,,,,
1,4,3.5,23,3,1,,,,,,,,
1,5,0,23,3,0,,,,,,,,
1,6,3.5,23,3,1,,,,,,,,
1,7,0,23,3,0,,,,,,,,
1,8,3.5,23,3,2,,,,,,,,
1,9,0,23,3,0,,,,,,,,
1,10,3.5,23,3,1,,,,,,,,
1,11,0,23,3,0,,,,,,,,
1,12,3.5,23,3,2,,,,,,,,
1,13,0,23,3,0,,,,,,,,
2,0,0,24,2,1,,,,,,,,
2,1,0,24,2,0,,,,,,,,
2,2,4,24,2,1,,,,,,,,
2,3,0,24,2,0,,,,,,,,
2,4,4,24,2,1,,,,,,,,
2,5,0,24,2,0,,,,,,,,
2,6,4,24,2,1,,,,,,,,
2,7,0,24,2,0,,,,,,,,
2,8,4,24,2,1,,,,,,,,
2,9,0,24,2,0,,,,,,,,
2,10,4,24,2,1,,,,,,,,
2,11,0,24,2,0,,,,,,,,
2,0,2.5,23,1,2,,,,,,,,
2,1,0,23,1,0,,,,,,,,
2,2,4,23,1,2,,,,,,,,
2,3,0,23,1,0,,,,,,,,
2,4,4,23,1,2,,,,,,,,
2,5,0,23,1,0,,,,,,,,
2,6,4,23,1,2,,,,,,,,
2,7,0,23,1,0,,,,,,,,
2,8,4,23,1,2,,,,,,,,
2,9,0,23,1,0,,,,,,,,
2,10,4,23,1,2,,,,,,,,
2,11,0,23,1,0,,,,,,,,
2,0,10,26,3,1,,,,,,,,
2,1,0,26,3,0,,,,,,,,
2,2,3,26,3,1,,,,,,,,
2,3,0,26,3,0,,,,,,,,
2,4,4,32,3,2,,,,,,,,
2,5,0,32,3,0,,,,,,,,
2,6,3,26,3,1,,,,,,,,
2,7,0,26,3,0,,,,,,,,
2,8,3,26,3,1,,,,,,,,
2,9,0,26,3,0,,,,,,,,
2,10,4,32,3,2,,,,,,,,
2,11,0,32,3,0,,,,,,,,
2,12,3,26,3,1,,,,,,,,
2,13,0,26,3,0,,,,,,,,
2,14,3,26,3,1,,,,,,,,
2,15,0,26,3,0,,,,,,,,
2,16,3,32,3,2,,,,,,,,
2,17,0,32,3,0,,,,,,,,
2,18,3,26,3,1,,,,,,,,
2,19,0,26,3,0,,,,,,,,
2,20,3,26,3,1,,,,,,,,
2,21,0,26,3,0,,,,,,,,
2,22,3,32,3,2,,,,,,,,
2,23,0,32,3,0,,,,,,,,
2,0,10,3,4,0,,,,,,,,
2,1,0,3,4,1,,,,,,,,
2,2,0,3,4,2,,,,,,,,
2,3,5,32,4,0,,,,,,,,
2,4,0,32,4,1,,,,,,,,
2,5,0,32,4,2,,,,,,,,
2,6,5,3,4,0,,,,,,,,
2,7,0,3,4,1,,,,,,,,
2,8,0,3,4,2,,,,,,,,
2,9,5,32,4,0,,,,,,,,
2,10,0,32,4,1,,,,,,,,
2,11,0,32,4,2,,,,,,,,
2,12,5,3,4,0,,,,,,,,
2,13,0,3,4,1,,,,,,,,
2,14,0,3,4,2,,,,,,,,
3,0,0,26,3,1,,,,,,,,
3,1,0,26,3,0,,,,,,,,
3,2,3,26,3,1,,,,,,,,
3,3,0,26,3,0,,,,,,,,
3,4,3,32,3,2,,,,,,,,
3,5,0,32,3,0,,,,,,,,
3,6,6,26,3,1,,,,,,,,
3,7,0,26,3,0,,,,,,,,
3,8,3,26,3,1,,,,,,,,
3,9,0,26,3,0,,,,,,,,
3,10,3,32,3,2,,,,,,,,
3,11,0,32,3,0,,,,,,,,
3,12,6,26,3,1,,,,,,,,
3,13,0,26,3,0,,,,,,,,
3,14,3,26,3,1,,,,,,,,
3,15,0,26,3,0,,,,,,,,
3,16,3,32,3,2,,,,,,,,
3,17,0,32,3,0,,,,,,,,
3,0,8,23,4,0,,,,,,,,
3,1,0.5,3,4,0,,,,,,,,
3,2,0,3,4,1,,,,,,,,
3,3,0,3,4,2,,,,,,,,
3,4,1.5,32,4,0,,,,,,,,
3,5,0,32,4,1,,,,,,,,
3,6,0,32,4,2,,,,,,,,
3,7,12,23,4,0,,,,,,,,
3,8,0.5,3,4,0,,,,,,,,
3,9,0,3,4,1,,,,,,,,
3,10,0,3,4,2,,,,,,,,
3,11,1.5,32,4,0,,,,,,,,
3,12,0,32,4,1,,,,,,,,
3,13,0,32,4,2,,,,,,,,
3,14,6,23,4,0,,,,,,,,
3,15,0.5,3,4,0,,,,,,,,
3,16,0,3,4,1,,,,,,,,
3,17,0,3,4,2,,,,,,,,
3,18,1.5,32,4,0,,,,,,,,
3,19,0,32,4,1,,,,,,,,
3,20,0,32,4,2,,,,,,,,
3,0,0,27,2,1,,,,,,,,
3,1,0,27,2,0,,,,,,,,
3,2,3,27,2,1,,,,,,,,
3,3,0,27,2,0,,,,,,,,
3,4,3,32,2,2,,,,,,,,
3,5,0,32,2,0,,,,,,,,
3,6,6,27,2,1,,,,,,,,
3,7,0,27,2,0,,,,,,,,
3,8,3,27,2,1,,,,,,,,
3,9,0,27,2,0,,,,,,,,
3,10,3,32,2,2,,,,,,,,
3,11,0,32,2,0,,,,,,,,
3,12,3,32,2,2,,,,,,,,
3,13,0,32,2,0,,,,,,,,
3,0,8,24,1,0,,,,,,,,
3,1,0.5,3,1,0,,,,,,,,
3,2,0,3,1,1,,,,,,,,
3,3,0,3,1,2,,,,,,,,
3,4,1.5,32,1,0,,,,,,,,
3,5,0,32,1,1,,,,,,,,
3,6,0,32,1,2,,,,,,,,
3,7,12,24,1,0,,,,,,,,
3,8,0.5,3,1,0,,,,,,,,
3,9,0,3,1,1,,,,,,,,
3,10,0,3,1,2,,,,,,,,
3,11,1.5,32,1,0,,,,,,,,
3,12,0,32,1,1,,,,,,,,
3,13,0,32,1,2,,,,,,,,
3,14,6,24,1,0,,,,,,,,
3,15,0.5,3,1,0,,,,,,,,
3,16,0,3,1,1,,,,,,,,
3,17,0,3,1,2,,,,,,,,
3,18,1.5,32,1,0,,,,,,,,
3,19,0,32,1,1,,,,,,,,
3,20,0,32,1,2,,,,,,,,
4,0,0,28,0,0,,,,,,,,
4,1,0.5,32,0,0,,,,,,,,
4,2,0,32,0,1,,,,,,,,
4,3,0,32,0,2,,,,,,,,
4,4,0.8,32,0,0,,,,,,,,
4,5,0,32,0,1,,,,,,,,
4,6,0,32,0,2,,,,,,,,
4,7,5,28,0,0,,,,,,,,
4,8,0.5,32,0,0,,,,,,,,
4,9,0,32,0,1,,,,,,,,
4,10,0,32,0,2,,,,,,,,
4,0,0,24,4,-1,,,,,,,,
4,1,1.4,24,4,-1,,,,,,,,
4,2,1.6,24,4,-1,,,,,,,,
4,3,1.7,24,4,-1,,,,,,,,
4,4,1.4,24,4,-1,,,,,,,,
4,5,1.6,24,4,-1,,,,,,,,
4,6,1.6,24,4,-1,,,,,,,,
4,7,1.6,24,4,-1,,,,,,,,
4,8,1.6,24,4,-1,,,,,,,,
4,9,1.3,24,4,-1,,,,,,,,
4,10,1.3,24,4,-1,,,,,,,,
4,11,1.3,24,4,-1,,,,,,,,
4,0,12,23,1,-1,,,,,,,,
4,1,1.7,23,1,-1,,,,,,,,
4,2,1.8,23,1,-1,,,,,,,,
4,3,1.6,23,1,-1,,,,,,,,
4,4,1.7,23,1,-1,,,,,,,,
4,5,1.5,23,1,-1,,,,,,,,
4,6,1.3,23,1,-1,,,,,,,,
4,7,1.3,23,1,-1,,,,,,,,
4,8,1.3,23,1,-1,,,,,,,,
4,9,1.3,23,1,-1,,,,,,,,
4,10,1.3,23,1,-1,,,,,,,,
4,11,1.3,23,1,-1,,,,,,,,
4,0,0,26,2,0,,,,,,,,
4,1,0,26,2,1,,,,,,,,
4,2,0,26,2,2,,,,,,,,
4,3,1,32,2,0,,,,,,,,
4,4,0,32,2,1,,,,,,,,
4,5,0,32,2,2,,,,,,,,
4,6,1,26,2,0,,,,,,,,
4,7,0,26,2,1,,,,,,,,
4,8,0,26,2,2,,,,,,,,
4,9,1,32,2,0,,,,,,,,
4,10,0,32,2,1,,,,,,,,
4,11,0,32,2,2,,,,,,,,
4,12,1,26,2,0,,,,,,,,
4,13,0,26,2,1,,,,,,,,
4,14,0,26,2,2,,,,,,,,
4,15,1,32,2,0,,,,,,,,
4,16,0,32,2,1,,,,,,,,
4,17,0,32,2,2,,,,,,,,
4,18,1,26,2,0,,,,,,,,
4,19,0,26,2,1,,,,,,,,
4,20,0,26,2,2,,,,,,,,
4,0,15,27,3,0,,,,,,,,
4,1,0,27,3,1,,,,,,,,
4,2,0,27,3,2,,,,,,,,
4,3,1,32,3,0,,,,,,,,
4,4,0,32,3,1,,,,,,,,
4,5,0,32,3,2,,,,,,,,
4,6,1,27,3,0,,,,,,,,
4,7,0,27,3,1,,,,,,,,
4,8,0,27,3,2,,,,,,,,
4,9,1,32,3,0,,,,,,,,
4,10,0,32,3,1,,,,,,,,
4,11,0,32,3,2,,,,,,,,
4,12,1,27,3,0,,,,,,,,
4,13,0,27,3,1,,,,,,,,
4,14,0,27,3,2,,,,,,,,
4,15,1,32,3,0,,,,,,,,
4,16,0,32,3,1,,,,,,,,
4,17,0,32,3,2,,,,,,,,
4,18,1,27,3,0,,,,,,,,
4,19,0,27,3,1,,,,,,,,
4,20,0,27,3,2,,,,,,,,
5,0,15,29,1,-1,,,,,,,,
5,1,3.5,29,1,-1,,,,,,,,
5,2,3.5,29,1,-1,,,,,,,,
5,3,3.5,29,1,-1,,,,,,,,
5,4,3.5,29,1,-1,,,,,,,,
5,5,3.5,29,1,-1,,,,,,,,
5,6,3.5,29,1,-1,,,,,,,,
5,7,3.5,29,1,-1,,,,,,,,
5,8,3.5,29,1,-1,,,,,,,,
5,9,3.5,29,1,-1,,,,,,,,
5,10,3.5,29,1,-1,,,,,,,,
5,11,3.5,29,1,-1,,,,,,,,
5,0,15,29,4,-1,,,,,,,,
5,1,3.5,29,4,-1,,,,,,,,
5,2,3.5,29,4,-1,,,,,,,,
5,3,3.5,29,4,-1,,,,,,,,
5,4,3.5,29,4,-1,,,,,,,,
5,5,3.5,29,4,-1,,,,,,,,
5,6,3.5,29,4,-1,,,,,,,,
5,7,3.5,29,4,-1,,,,,,,,
5,8,3.5,29,4,-1,,,,,,,,
5,9,3.5,29,4,-1,,,,,,,,
5,10,3.5,29,4,-1,,,,,,,,
5,11,3.5,29,4,-1,,,,,,,,
5,0,5,32,5,1,,,,,,,,
5,1,0,32,5,2,,,,,,,,
5,2,0.8,28,5,0,,,,,,,,
5,3,2,32,5,1,,,,,,,,
5,4,0,32,5,2,,,,,,,,
5,5,0.8,28,5,0,,,,,,,,
5,6,2,32,5,1,,,,,,,,
5,7,0,32,5,2,,,,,,,,
5,8,0.8,28,5,0,,,,,,,,
5,9,2,32,5,1,,,,,,,,
5,10,0,32,5,2,,,,,,,,
5,11,0.8,28,5,0,,,,,,,,
5,12,2,32,5,1,,,,,,,,
5,13,0,32,5,2,,,,,,,,
5,14,0.8,28,5,0,,,,,,,,
5,0,3,32,0,1,,,,,,,,
5,1,0,32,0,2,,,,,,,,
5,2,0.8,28,0,0,,,,,,,,
5,3,2,32,0,1,,,,,,,,
5,4,0,32,0,2,,,,,,,,
5,5,0.8,28,0,0,,,,,,,,
5,6,2,32,0,1,,,,,,,,
5,7,0,32,0,2,,,,,,,,
5,8,0.8,28,0,0,,,,,,,,
5,9,2,32,0,1,,,,,,,,
5,10,0,32,0,2,,,,,,,,
5,11,0.8,28,0,0,,,,,,,,
5,12,2,32,0,1,,,,,,,,
5,13,0,32,0,2,,,,,,,,
5,14,0.8,28,0,0,,,,,,,,
5,0,3,27,2,1,,,,,,,,
5,1,0,27,2,0,,,,,,,,
5,2,4,27,2,2,,,,,,,,
5,3,0,27,2,0,,,,,,,,
5,4,4,27,2,1,,,,,,,,
5,5,0,27,2,0,,,,,,,,
5,6,4,27,2,2,,,,,,,,
5,7,0,27,2,0,,,,,,,,
5,8,4,27,2,1,,,,,,,,
5,9,0,27,2,0,,,,,,,,
5,10,4,27,2,2,,,,,,,,
5,11,0,27,2,0,,,,,,,,
5,0,3,28,3,1,,,,,,,,
5,1,0,28,3,0,,,,,,,,
5,2,4,28,3,2,,,,,,,,
5,3,0,28,3,0,,,,,,,,
5,4,4,28,3,1,,,,,,,,
5,5,0,28,3,0,,,,,,,,
5,6,4,28,3,2,,,,,,,,
5,7,0,28,3,0,,,,,,,,
5,8,4,28,3,1,,,,,,,,
5,9,0,28,3,0,,,,,,,,
5,10,4,28,3,2,,,,,,,,
5,11,0,28,3,0,,,,,,,,
6,0,10,26,2,1,,,,,,,,
6,1,0,26,2,2,,,,,,,,
6,2,2,26,2,0,,,,,,,,
6,3,2,27,2,1,,,,,,,,
6,4,0,27,2,2,,,,,,,,
6,5,2,27,2,0,,,,,,,,
6,6,2,26,2,1,,,,,,,,
6,7,0,26,2,2,,,,,,,,
6,8,2,26,2,0,,,,,,,,
6,9,2,27,2,1,,,,,,,,
6,10,0,27,2,2,,,,,,,,
6,11,2,27,2,0,,,,,,,,
6,12,2,26,2,1,,,,,,,,
6,13,0,26,2,2,,,,,,,,
6,14,2,26,2,0,,,,,,,,
6,15,2,27,2,1,,,,,,,,
6,16,0,27,2,2,,,,,,,,
6,17,2,27,2,0,,,,,,,,
6,0,10,26,3,1,,,,,,,,
6,1,0,26,3,2,,,,,,,,
6,2,2,26,3,0,,,,,,,,
6,3,2,27,3,1,,,,,,,,
6,4,0,27,3,2,,,,,,,,
6,5,2,27,3,0,,,,,,,,
6,6,2,26,3,1,,,,,,,,
6,7,0,26,3,2,,,,,,,,
6,8,2,26,3,0,,,,,,,,
6,9,2,27,3,1,,,,,,,,
6,10,0,27,3,2,,,,,,,,
6,11,2,27,3,0,,,,,,,,
6,12,2,26,3,1,,,,,,,,
6,13,0,26,3,2,,,,,,,,
6,14,2,26,3,0,,,,,,,,
6,15,2,27,3,1,,,,,,,,
6,16,0,27,3,2,,,,,,,,
6,17,2,27,3,0,,,,,,,,
6,0,15,29,0,-1,,,,,,,,
6,1,3.5,29,0,-1,,,,,,,,
6,2,3.5,29,0,-1,,,,,,,,
6,3,3.5,29,0,-1,,,,,,,,
6,4,3.5,29,0,-1,,,,,,,,
6,5,3.5,29,0,-1,,,,,,,,
6,6,3.5,29,0,-1,,,,,,,,
6,7,3.5,29,0,-1,,,,,,,,
6,0,0,29,5,-1,,,,,,,,
6,1,3.5,29,5,-1,,,,,,,,
6,2,3.5,29,5,-1,,,,,,,,
6,3,3.5,29,5,-1,,,,,,,,
6,4,3.5,29,5,-1,,,,,,,,
6,5,3.5,29,5,-1,,,,,,,,
6,6,3.5,29,5,-1,,,,,,,,
6,7,3.5,29,5,-1,,,,,,,,
6,0,4,28,1,1,,,,,,,,
6,1,0,28,1,0,,,,,,,,
6,2,4,28,1,2,,,,,,,,
6,3,0,28,1,0,,,,,,,,
6,4,4,28,1,1,,,,,,,,
6,5,0,28,1,0,,,,,,,,
6,6,4,28,1,2,,,,,,,,
6,7,0,28,1,0,,,,,,,,
6,0,15,28,4,-1,,,,,,,,
6,1,4,28,4,-1,,,,,,,,
6,2,4,28,4,-1,,,,,,,,
6,3,4,28,4,-1,,,,,,,,
6,4,4,28,4,-1,,,,,,,,
6,5,4,28,4,-1,,,,,,,,
6,6,4,28,4,-1,,,,,,,,
6,7,4,28,4,-1,,,,,,,,
7,0,0,27,0,-1,,,,,,,,
7,1,2.5,27,0,-1,,,,,,,,
7,2,2.5,27,0,-1,,,,,,,,
7,3,2.5,27,0,-1,,,,,,,,
7,4,2.5,27,0,-1,,,,,,,,
7,5,2.5,27,0,-1,,,,,,,,
7,6,2.5,27,0,-1,,,,,,,,
7,7,2.5,27,0,-1,,,,,,,,
7,8,2.5,27,0,-1,,,,,,,,
7,9,2.5,27,0,-1,,,,,,,,
7,10,2.5,27,0,-1,,,,,,,,
7,11,2.5,27,0,-1,,,,,,,,
7,12,2.5,27,0,-1,,,,,,,,
7,13,2.5,27,0,-1,,,,,,,,
7,14,2.5,27,0,-1,,,,,,,,
7,0,3,26,2,0,,,,,,,,
7,1,0,26,2,1,,,,,,,,
7,2,0,26,2,2,,,,,,,,
7,3,1.5,0,2,0,,,,,,,,
7,4,0,0,2,1,,,,,,,,
7,5,0,0,2,2,,,,,,,,
7,6,1.5,26,2,0,,,,,,,,
7,7,0,26,2,1,,,,,,,,
7,8,0,26,2,2,,,,,,,,
7,9,1.5,0,2,0,,,,,,,,
7,10,0,0,2,1,,,,,,,,
7,11,0,0,2,2,,,,,,,,
7,12,1.5,26,2,0,,,,,,,,
7,13,0,26,2,1,,,,,,,,
7,14,0,26,2,2,,,,,,,,
7,15,1.5,0,2,0,,,,,,,,
7,16,0,0,2,1,,,,,,,,
7,17,0,0,2,2,,,,,,,,
7,18,1.5,26,2,0,,,,,,,,
7,19,0,26,2,1,,,,,,,,
7,20,0,26,2,2,,,,,,,,
7,21,1.5,0,2,0,,,,,,,,
7,22,0,0,2,1,,,,,,,,
7,23,0,0,2,2,,,,,,,,
7,24,1.5,26,2,0,,,,,,,,
7,25,0,26,2,1,,,,,,,,
7,26,0,26,2,2,,,,,,,,
7,27,1.5,0,2,0,,,,,,,,
7,28,0,0,2,1,,,,,,,,
7,29,0,0,2,2,,,,,,,,
7,30,5,26,2,0,,,,,,,,
7,31,0,26,2,1,,,,,,,,
7,32,0,26,2,2,,,,,,,,
7,33,1.5,32,2,0,,,,,,,,
7,34,0,32,2,1,,,,,,,,
7,35,0,32,2,2,,,,,,,,
7,36,1.5,26,2,0,,,,,,,,
7,37,0,26,2,1,,,,,,,,
7,38,0,26,2,2,,,,,,,,
7,39,1.5,32,2,0,,,,,,,,
7,40,0,32,2,1,,,,,,,,
7,41,0,32,2,2,,,,,,,,
7,0,3,27,3,0,,,,,,,,
7,1,0,27,3,1,,,,,,,,
7,2,0,27,3,2,,,,,,,,
7,3,1.5,1,3,0,,,,,,,,
7,4,0,1,3,1,,,,,,,,
7,5,0,1,3,2,,,,,,,,
7,6,1.5,27,3,0,,,,,,,,
7,7,0,27,3,1,,,,,,,,
7,8,0,27,3,2,,,,,,,,
7,9,1.5,1,3,0,,,,,,,,
7,10,0,1,3,1,,,,,,,,
7,11,0,1,3,2,,,,,,,,
7,12,1.5,27,3,0,,,,,,,,
7,13,0,27,3,1,,,,,,,,
7,14,0,27,3,2,,,,,,,,
7,15,1.5,1,3,0,,,,,,,,
7,16,0,1,3,1,,,,,,,,
7,17,0,1,3,2,,,,,,,,
7,18,1.5,27,3,0,,,,,,,,
7,19,0,27,3,1,,,,,,,,
7,20,0,27,3,2,,,,,,,,
7,21,1.5,1,3,0,,,,,,,,
7,22,0,1,3,1,,,,,,,,
7,23,0,1,3,2,,,,,,,,
7,24,1.5,27,3,0,,,,,,,,
7,25,0,27,3,1,,,,,,,,
7,26,0,27,3,2,,,,,,,,
7,27,1.5,1,3,0,,,,,,,,
7,28,0,1,3,1,,,,,,,,
7,29,0,1,3,2,,,,,,,,
7,30,5,27,3,0,,,,,,,,
7,31,0,27,3,1,,,,,,,,
7,32,0,27,3,2,,,,,,,,
7,33,1.5,32,3,0,,,,,,,,
7,34,0,32,3,1,,,,,,,,
7,35,0,32,3,2,,,,,,,,
7,36,1.5,27,3,0,,,,,,,,
7,37,0,27,3,1,,,,,,,,
7,38,0,27,3,2,,,,,,,,
7,39,1.5,32,3,0,,,,,,,,
7,40,0,32,3,1,,,,,,,,
7,41,0,32,3,2,,,,,,,,
7,0,12,32,4,1,,,,,,,,
7,1,0,32,4,2,,,,,,,,
7,2,1,32,4,0,,,,,,,,
7,3,3,32,4,1,,,,,,,,
7,4,0,32,4,2,,,,,,,,
7,5,1,32,4,0,,,,,,,,
7,6,3,32,4,1,,,,,,,,
7,7,0,32,4,2,,,,,,,,
7,8,1,32,4,0,,,,,,,,
7,9,3,32,4,1,,,,,,,,
7,10,0,32,4,2,,,,,,,,
7,11,1,32,4,0,,,,,,,,
7,12,3,32,4,1,,,,,,,,
7,13,0,32,4,2,,,,,,,,
7,14,1,32,4,0,,,,,,,,
8,0,5,26,0,1,,,,,,,,
8,1,0,26,0,2,,,,,,,,
8,2,2,26,0,0,,,,,,,,
8,3,2,27,0,1,,,,,,,,
8,4,0,27,0,2,,,,,,,,
8,5,2,27,0,0,,,,,,,,
8,6,2,26,0,1,,,,,,,,
8,7,0,26,0,2,,,,,,,,
8,8,2,26,0,0,,,,,,,,
8,9,2,27,0,1,,,,,,,,
8,10,0,27,0,2,,,,,,,,
8,11,2,27,0,0,,,,,,,,
8,12,2,26,0,1,,,,,,,,
8,13,0,26,0,2,,,,,,,,
8,14,2,26,0,0,,,,,,,,
8,15,2,27,0,1,,,,,,,,
8,16,0,27,0,2,,,,,,,,
8,17,2,27,0,0,,,,,,,,
8,18,2,26,0,1,,,,,,,,
8,19,0,26,0,2,,,,,,,,
8,20,2,26,0,0,,,,,,,,
8,21,2,27,0,1,,,,,,,,
8,22,0,27,0,2,,,,,,,,
8,23,2,27,0,0,,,,,,,,
8,0,15,26,5,1,,,,,,,,
8,1,0,26,5,2,,,,,,,,
8,2,2,26,5,0,,,,,,,,
8,3,2,27,5,1,,,,,,,,
8,4,0,27,5,2,,,,,,,,
8,5,2,27,5,0,,,,,,,,
8,6,2,26,5,1,,,,,,,,
8,7,0,26,5,2,,,,,,,,
8,8,2,26,5,0,,,,,,,,
8,9,2,27,5,1,,,,,,,,
8,10,0,27,5,2,,,,,,,,
8,11,2,27,5,0,,,,,,,,
8,12,2,26,5,1,,,,,,,,
8,13,0,26,5,2,,,,,,,,
8,14,2,26,5,0,,,,,,,,
8,15,2,27,5,1,,,,,,,,
8,16,0,27,5,2,,,,,,,,
8,17,2,27,5,0,,,,,,,,
8,18,2,26,5,1,,,,,,,,
8,19,0,26,5,2,,,,,,,,
8,20,2,26,5,0,,,,,,,,
8,21,2,27,5,1,,,,,,,,
8,22,0,27,5,2,,,,,,,,
8,23,2,27,5,0,,,,,,,,
8,0,0,28,2,1,,,,,,,,
8,1,1.5,28,2,2,,,,,,,,
8,2,1.5,28,2,1,,,,,,,,
8,3,1.5,28,2,2,,,,,,,,
8,4,1.5,28,2,1,,,,,,,,
8,5,1.5,28,2,2,,,,,,,,
8,6,1.5,28,2,1,,,,,,,,
8,7,1.5,28,2,2,,,,,,,,
8,8,1.5,28,2,1,,,,,,,,
8,9,1.5,28,2,2,,,,,,,,
8,10,1.5,28,2,1,,,,,,,,
8,11,1.5,28,2,2,,,,,,,,
8,12,1.5,28,2,1,,,,,,,,
8,13,1.5,28,2,2,,,,,,,,
8,14,1.5,28,2,1,,,,,,,,
8,15,1.5,28,2,2,,,,,,,,
8,0,0,28,3,1,,,,,,,,
8,1,1.5,28,3,2,,,,,,,,
8,2,1.5,28,3,1,,,,,,,,
8,3,1.5,28,3,2,,,,,,,,
8,4,1.5,28,3,1,,,,,,,,
8,5,1.5,28,3,2,,,,,,,,
8,6,1.5,28,3,1,,,,,,,,
8,7,1.5,28,3,2,,,,,,,,
8,8,1.5,28,3,1,,,,,,,,
8,9,1.5,28,3,2,,,,,,,,
8,10,1.5,28,3,1,,,,,,,,
8,11,1.5,28,3,2,,,,,,,,
8,12,1.5,28,3,1,,,,,,,,
8,13,1.5,28,3,2,,,,,,,,
8,14,1.5,28,3,1,,,,,,,,
8,15,1.5,28,3,2,,,,,,,,
8,0,5,29,1,-1,,,,,,,,
8,1,3,29,1,-1,,,,,,,,
8,2,3,29,1,-1,,,,,,,,
8,3,3,29,1,-1,,,,,,,,
8,4,3,29,1,-1,,,,,,,,
8,5,3,29,1,-1,,,,,,,,
8,6,1,29,1,-1,,,,,,,,
8,7,1,29,1,-1,,,,,,,,
8,0,5,29,1,-1,,,,,,,,
8,1,3,29,4,-1,,,,,,,,
8,2,3,29,4,-1,,,,,,,,
8,3,3,29,4,-1,,,,,,,,
8,4,3,29,4,-1,,,,,,,,
8,5,3,29,4,-1,,,,,,,,
8,6,1,29,4,-1,,,,,,,,
8,7,1,29,4,-1,,,,,,,,
9,0,0,26,2,0,,,,,,,,
9,1,0,26,2,1,,,,,,,,
9,2,0,26,2,2,,,,,,,,
9,3,3.5,26,2,0,,,,,,,,
9,4,0,26,2,1,,,,,,,,
9,5,0,26,2,2,,,,,,,,
9,6,3.5,32,2,0,,,,,,,,
9,7,0,32,2,1,,,,,,,,
9,8,0,32,2,2,,,,,,,,
9,9,3.5,28,2,0,,,,,,,,
9,10,0,28,2,1,,,,,,,,
9,11,0,28,2,2,,,,,,,,
9,12,5,26,2,0,,,,,,,,
9,13,0,26,2,1,,,,,,,,
9,14,0,26,2,2,,,,,,,,
9,15,3.5,26,2,0,,,,,,,,
9,16,0,26,2,1,,,,,,,,
9,17,0,26,2,2,,,,,,,,
9,18,3.5,32,2,0,,,,,,,,
9,19,0,32,2,1,,,,,,,,
9,20,0,32,2,2,,,,,,,,
9,21,3.5,28,2,0,,,,,,,,
9,22,0,28,2,1,,,,,,,,
9,23,0,28,2,2,,,,,,,,
9,24,10,27,2,0,,,,,,,,
9,25,0,27,2,1,,,,,,,,
9,26,0,27,2,2,,,,,,,,
9,27,3.5,27,2,0,,,,,,,,
9,28,0,27,2,1,,,,,,,,
9,29,0,27,2,2,,,,,,,,
9,30,3.5,32,2,0,,,,,,,,
9,31,0,32,2,1,,,,,,,,
9,32,0,32,2,2,,,,,,,,
9,33,3.5,28,2,0,,,,,,,,
9,34,0,28,2,1,,,,,,,,
9,35,0,28,2,2,,,,,,,,
9,0,0,26,3,0,,,,,,,,
9,1,0,26,3,1,,,,,,,,
9,2,0,26,3,2,,,,,,,,
9,3,3.5,26,3,0,,,,,,,,
9,4,0,26,3,1,,,,,,,,
9,5,0,26,3,2,,,,,,,,
9,6,3.5,32,3,0,,,,,,,,
9,7,0,32,3,1,,,,,,,,
9,8,0,32,3,2,,,,,,,,
9,9,3.5,28,3,0,,,,,,,,
9,10,0,28,3,1,,,,,,,,
9,11,0,28,3,2,,,,,,,,
9,12,5,26,3,0,,,,,,,,
9,13,0,26,3,1,,,,,,,,
9,14,0,26,3,2,,,,,,,,
9,15,3.5,26,3,0,,,,,,,,
9,16,0,26,3,1,,,,,,,,
9,17,0,26,3,2,,,,,,,,
9,18,3.5,32,3,0,,,,,,,,
9,19,0,32,3,1,,,,,,,,
9,20,0,32,3,2,,,,,,,,
9,21,3.5,28,3,0,,,,,,,,
9,22,0,28,3,1,,,,,,,,
9,23,0,28,3,2,,,,,,,,
9,24,10,27,3,0,,,,,,,,
9,25,0,27,3,1,,,,,,,,
9,26,0,27,3,2,,,,,,,,
9,27,3.5,27,3,0,,,,,,,,
9,28,0,27,3,1,,,,,,,,
9,29,0,27,3,2,,,,,,,,
9,30,3.5,32,3,0,,,,,,,,
9,31,0,32,3,1,,,,,,,,
9,32,0,32,3,2,,,,,,,,
9,33,3.5,28,3,0,,,,,,,,
9,34,0,28,3,1,,,,,,,,
9,35,0,28,3,2,,,,,,,,
9,0,15,29,1,-1,,,,,,,,
9,1,3.5,29,1,-1,,,,,,,,
9,2,3.5,29,1,-1,,,,,,,,
9,3,3.5,29,1,-1,,,,,,,,
9,4,3.5,29,1,-1,,,,,,,,
9,5,3.5,29,1,-1,,,,,,,,
9,6,3.5,29,1,-1,,,,,,,,
9,7,3.5,29,1,-1,,,,,,,,
9,8,3.5,29,1,-1,,,,,,,,
9,9,3.5,29,1,-1,,,,,,,,
9,0,5,29,4,-1,,,,,,,,
9,1,3.5,29,4,-1,,,,,,,,
9,2,3.5,29,4,-1,,,,,,,,
9,3,3.5,29,4,-1,,,,,,,,
9,4,3.5,29,4,-1,,,,,,,,
9,5,3.5,29,4,-1,,,,,,,,
9,6,3.5,29,4,-1,,,,,,,,
9,7,3.5,29,4,-1,,,,,,,,
9,8,3.5,29,4,-1,,,,,,,,
9,9,3.5,29,4,-1,,,,,,,,
9,10,3,33,4,0,,,,,,,,
9,0,0,26,0,1,,,,,,,,
9,1,2,24,0,0,,,,,,,,
9,2,2,26,0,2,,,,,,,,
9,3,2,24,0,1,,,,,,,,
9,4,2,26,0,0,,,,,,,,
9,5,2,24,0,2,,,,,,,,
9,6,2,26,0,1,,,,,,,,
9,7,2,24,0,0,,,,,,,,
9,8,2,26,0,2,,,,,,,,
9,9,2,24,0,1,,,,,,,,
9,10,2,26,0,0,,,,,,,,
9,11,2,24,0,2,,,,,,,,
9,12,2,26,0,1,,,,,,,,
9,13,2,24,0,0,,,,,,,,
9,14,2,26,0,2,,,,,,,,
9,15,2,24,0,1,,,,,,,,
9,16,2,26,0,0,,,,,,,,
9,17,2,24,0,2,,,,,,,,
9,18,2,26,0,1,,,,,,,,
9,19,2,24,0,0,,,,,,,,
9,20,2,26,0,2,,,,,,,,
9,0,15,27,5,0,,,,,,,,
9,1,0,27,5,1,,,,,,,,
9,2,0,27,5,2,,,,,,,,
9,3,3,23,5,0,,,,,,,,
9,4,0,23,5,1,,,,,,,,
9,5,0,23,5,2,,,,,,,,
9,6,2,27,5,0,,,,,,,,
9,7,0,27,5,1,,,,,,,,
9,8,0,27,5,2,,,,,,,,
9,9,3,23,5,0,,,,,,,,
9,10,0,23,5,1,,,,,,,,
9,11,0,23,5,2,,,,,,,,
9,12,2,27,5,0,,,,,,,,
9,13,0,27,5,1,,,,,,,,
9,14,0,27,5,2,,,,,,,,
9,15,3,23,5,0,,,,,,,,
9,16,0,23,5,1,,,,,,,,
9,17,0,23,5,2,,,,,,,,
9,18,2,27,5,0,,,,,,,,
9,19,0,27,5,1,,,,,,,,
9,20,0,27,5,2,,,,,,,,
10,0,3,27,2,0,,,,,,,,
10,1,0,27,2,1,,,,,,,,
10,2,0,27,2,2,,,,,,,,
10,3,1.5,32,2,0,,,,,,,,
10,4,0,32,2,1,,,,,,,,
10,5,0,32,2,2,,,,,,,,
10,6,1.5,27,2,0,,,,,,,,
10,7,0,27,2,1,,,,,,,,
10,8,0,27,2,2,,,,,,,,
10,9,1.5,32,2,0,,,,,,,,
10,10,0,32,2,1,,,,,,,,
10,11,0,32,2,2,,,,,,,,
10,12,1.5,27,2,0,,,,,,,,
10,13,0,27,2,1,,,,,,,,
10,14,0,27,2,2,,,,,,,,
10,15,1.5,32,2,0,,,,,,,,
10,16,0,32,2,1,,,,,,,,
10,17,0,32,2,2,,,,,,,,
10,18,1.5,27,2,0,,,,,,,,
10,19,0,27,2,1,,,,,,,,
10,20,0,27,2,2,,,,,,,,
10,21,1.5,32,2,0,,,,,,,,
10,22,0,32,2,1,,,,,,,,
10,23,0,32,2,2,,,,,,,,
10,24,1.5,27,2,0,,,,,,,,
10,25,0,27,2,1,,,,,,,,
10,26,0,27,2,2,,,,,,,,
10,27,1.5,32,2,0,,,,,,,,
10,28,0,32,2,1,,,,,,,,
10,29,0,32,2,2,,,,,,,,
10,0,15,28,3,0,,,,,,,,
10,1,0,28,3,1,,,,,,,,
10,2,0,28,3,2,,,,,,,,
10,3,1.5,32,3,0,,,,,,,,
10,4,0,32,3,1,,,,,,,,
10,5,0,32,3,2,,,,,,,,
10,6,1.5,28,3,0,,,,,,,,
10,7,0,28,3,1,,,,,,,,
10,8,0,28,3,2,,,,,,,,
10,9,1.5,32,3,0,,,,,,,,
10,10,0,32,3,1,,,,,,,,
10,11,0,32,3,2,,,,,,,,
10,12,1.5,28,3,0,,,,,,,,
10,13,0,28,3,1,,,,,,,,
10,14,0,28,3,2,,,,,,,,
10,15,1.5,32,3,0,,,,,,,,
10,16,0,32,3,1,,,,,,,,
10,17,0,32,3,2,,,,,,,,
10,18,1.5,28,3,0,,,,,,,,
10,19,0,28,3,1,,,,,,,,
10,20,0,28,3,2,,,,,,,,
10,21,1.5,32,3,0,,,,,,,,
10,22,0,32,3,1,,,,,,,,
10,23,0,32,3,2,,,,,,,,
10,0,25,28,5,1,,,,,,,,
10,1,0,28,5,0,,,,,,,,
10,2,5,28,5,2,,,,,,,,
10,3,0,28,5,0,,,,,,,,
10,4,5,28,5,1,,,,,,,,
10,5,0,28,5,0,,,,,,,,
10,6,5,28,5,2,,,,,,,,
10,7,0,28,5,0,,,,,,,,
10,8,5,28,5,1,,,,,,,,
10,9,0,28,5,0,,,,,,,,
10,10,5,28,5,2,,,,,,,,
10,11,0,28,5,0,,,,,,,,
10,0,30,32,0,1,,,,,,,,
10,1,0,32,0,0,,,,,,,,
10,2,5,32,0,2,,,,,,,,
10,3,0,32,0,0,,,,,,,,
10,4,5,32,0,1,,,,,,,,
10,5,0,32,0,0,,,,,,,,
10,6,5,32,0,2,,,,,,,,
10,7,0,32,0,0,,,,,,,,
10,8,5,32,0,1,,,,,,,,
10,9,0,32,0,0,,,,,,,,
10,10,5,32,0,2,,,,,,,,
10,11,0,32,0,0,,,,,,,,
11,0,10,29,4,-1,,,,,,,,
11,1,4,29,4,-1,,,,,,,,
11,2,4,29,4,-1,,,,,,,,
11,3,4,29,4,-1,,,,,,,,
11,4,4,29,4,-1,,,,,,,,
11,5,4,29,4,-1,,,,,,,,
11,6,4,29,4,-1,,,,,,,,
11,7,4,29,4,-1,,,,,,,,
11,8,4,29,4,-1,,,,,,,,
11,9,4,29,4,-1,,,,,,,,
11,10,4,29,4,-1,,,,,,,,
11,11,4,29,4,-1,,,,,,,,
11,0,5,28,3,1,,,,,,,,
11,1,0,28,3,0,,,,,,,,
11,2,4,28,3,2,,,,,,,,
11,3,0,28,3,0,,,,,,,,
11,4,4,28,3,1,,,,,,,,
11,5,0,28,3,0,,,,,,,,
11,6,4,28,3,2,,,,,,,,
11,7,0,28,3,0,,,,,,,,
11,8,4,28,3,1,,,,,,,,
11,9,0,28,3,0,,,,,,,,
11,10,4,28,3,2,,,,,,,,
11,11,0,28,3,0,,,,,,,,
11,0,0,24,5,1,,,,,,,,
11,1,2.5,23,5,2,,,,,,,,
11,2,2.5,24,5,1,,,,,,,,
11,3,2.5,23,5,2,,,,,,,,
11,4,2.5,24,5,1,,,,,,,,
11,5,2.5,23,5,2,,,,,,,,
11,6,2.5,24,5,1,,,,,,,,
11,7,2.5,23,5,2,,,,,,,,
11,8,2.5,24,5,1,,,,,,,,
11,9,2.5,23,5,2,,,,,,,,
11,10,2.5,24,5,1,,,,,,,,
11,0,20,28,0,1,,,,,,,,
11,1,0,28,0,0,,,,,,,,
11,2,5,28,0,2,,,,,,,,
11,3,0,28,0,0,,,,,,,,
11,4,5,28,0,1,,,,,,,,
11,5,0,28,0,0,,,,,,,,
11,6,5,28,0,2,,,,,,,,
11,7,0,28,0,0,,,,,,,,
11,8,5,28,0,1,,,,,,,,
11,9,0,28,0,0,,,,,,,,
11,10,5,28,0,2,,,,,,,,
11,11,0,28,0,0,,,,,,,,
11,0,40,28,1,1,,,,,,,,
11,1,0,28,1,0,,,,,,,,
11,2,5,28,1,2,,,,,,,,
11,3,0,28,1,0,,,,,,,,
11,4,5,28,1,1,,,,,,,,
11,5,0,28,1,0,,,,,,,,
11,6,5,28,1,2,,,,,,,,
11,7,0,28,1,0,,,,,,,,
11,8,5,28,1,1,,,,,,,,
11,9,0,28,1,0,,,,,,,,
11,10,5,28,1,2,,,,,,,,
11,11,0,28,1,0,,,,,,,,
12,0,3,24,0,0,,,,,,,,
12,1,0,24,0,1,,,,,,,,
12,2,0,24,0,2,,,,,,,,
12,3,5,23,0,0,,,,,,,,
12,4,0,23,0,1,,,,,,,,
12,5,0,23,0,2,,,,,,,,
12,6,5,24,0,0,,,,,,,,
12,7,0,24,0,1,,,,,,,,
12,8,0,24,0,2,,,,,,,,
12,9,5,23,0,0,,,,,,,,
12,10,0,23,0,1,,,,,,,,
12,11,0,23,0,2,,,,,,,,
12,12,5,24,0,0,,,,,,,,
12,13,0,24,0,1,,,,,,,,
12,14,0,24,0,2,,,,,,,,
12,15,5,23,0,0,,,,,,,,
12,16,0,23,0,1,,,,,,,,
12,17,0,23,0,2,,,,,,,,
12,0,0,26,3,1,,,,,,,,
12,1,0,26,3,0,,,,,,,,
12,2,3,26,3,1,,,,,,,,
12,3,0,26,3,0,,,,,,,,
12,4,3,32,3,2,,,,,,,,
12,5,0,32,3,0,,,,,,,,
12,6,6,26,3,1,,,,,,,,
12,7,0,26,3,0,,,,,,,,
12,8,3,26,3,1,,,,,,,,
12,9,0,26,3,0,,,,,,,,
12,10,3,32,3,2,,,,,,,,
12,11,0,32,3,0,,,,,,,,
12,0,8,29,4,0,,,,,,,,
12,1,3,29,4,0,,,,,,,,
12,2,3,29,4,1,,,,,,,,
12,3,3,29,4,2,,,,,,,,
12,4,3,29,4,0,,,,,,,,
12,5,3,29,4,1,,,,,,,,
12,6,3,29,4,2,,,,,,,,
12,7,3,29,4,0,,,,,,,,
12,8,3,29,4,0,,,,,,,,
12,9,3,29,4,1,,,,,,,,
12,10,3,29,4,2,,,,,,,,
12,11,3,29,4,0,,,,,,,,
12,12,3,29,4,1,,,,,,,,
12,13,3,29,4,2,,,,,,,,
12,0,0,27,2,1,,,,,,,,
12,1,0,27,2,0,,,,,,,,
12,2,4,27,2,1,,,,,,,,
12,3,0,27,2,0,,,,,,,,
12,4,4,32,2,2,,,,,,,,
12,5,0,32,2,0,,,,,,,,
12,6,6,27,2,1,,,,,,,,
12,7,0,27,2,0,,,,,,,,
12,8,4,27,2,1,,,,,,,,
12,9,0,27,2,0,,,,,,,,
12,10,4,32,2,2,,,,,,,,
12,11,0,32,2,0,,,,,,,,
12,12,4,32,2,2,,,,,,,,
12,13,0,32,2,0,,,,,,,,
12,0,5,29,1,-1,,,,,,,,
12,1,3.5,29,1,-1,,,,,,,,
12,2,3.5,29,1,-1,,,,,,,,
12,3,3.5,29,1,-1,,,,,,,,
12,4,3.5,29,1,-1,,,,,,,,
12,5,3.5,29,1,-1,,,,,,,,
12,6,3.5,29,1,-1,,,,,,,,
12,7,3.5,29,1,-1,,,,,,,,
12,8,3.5,29,1,-1,,,,,,,,
12,9,3.5,29,1,-1,,,,,,,,
12,0,30,29,5,-1,,,,,,,,
12,1,3.5,29,5,-1,,,,,,,,
12,2,3.5,29,5,-1,,,,,,,,
12,3,3.5,29,5,-1,,,,,,,,
12,4,3.5,29,5,-1,,,,,,,,
12,5,3.5,29,5,-1,,,,,,,,
12,6,3.5,29,5,-1,,,,,,,,
12,7,3.5,29,5,-1,,,,,,,,
12,8,3.5,29,5,-1,,,,,,,,
12,9,3.5,29,5,-1,,,,,,,,
13,0,15,29,1,-1,,,,,,,,
13,1,3.5,29,1,-1,,,,,,,,
13,2,3.5,29,1,-1,,,,,,,,
13,3,3.5,29,1,-1,,,,,,,,
13,4,3.5,29,1,-1,,,,,,,,
13,5,3.5,29,1,-1,,,,,,,,
13,6,3.5,29,1,-1,,,,,,,,
13,7,3.5,29,1,-1,,,,,,,,
13,8,3.5,29,1,-1,,,,,,,,
13,9,3.5,29,1,-1,,,,,,,,
13,10,3.5,29,1,-1,,,,,,,,
13,11,3.5,29,1,-1,,,,,,,,
13,0,25,29,4,-1,,,,,,,,
13,1,3.5,29,4,-1,,,,,,,,
13,2,3.5,29,4,-1,,,,,,,,
13,3,3.5,29,4,-1,,,,,,,,
13,4,3.5,29,4,-1,,,,,,,,
13,5,3.5,29,4,-1,,,,,,,,
13,6,3.5,29,4,-1,,,,,,,,
13,7,3.5,29,4,-1,,,,,,,,
13,8,3.5,29,4,-1,,,,,,,,
13,9,3.5,29,4,-1,,,,,,,,
13,10,3.5,29,4,-1,,,,,,,,
13,0,10,27,2,1,,,,,,,,
13,1,0,27,2,0,,,,,,,,
13,2,4,23,2,2,,,,,,,,
13,3,0,23,2,0,,,,,,,,
13,4,4,27,2,1,,,,,,,,
13,5,0,27,2,0,,,,,,,,
13,6,4,29,2,2,,,,,,,,
13,7,0,29,2,0,,,,,,,,
13,8,4,27,2,1,,,,,,,,
13,9,0,27,2,0,,,,,,,,
13,10,4,29,2,2,,,,,,,,
13,11,0,29,2,0,,,,,,,,
13,0,10,27,3,1,,,,,,,,
13,1,0,27,3,0,,,,,,,,
13,2,4,23,3,2,,,,,,,,
13,3,0,23,3,0,,,,,,,,
13,4,4,27,3,1,,,,,,,,
13,5,0,27,3,0,,,,,,,,
13,6,4,23,3,2,,,,,,,,
13,7,0,23,3,0,,,,,,,,
13,8,4,29,3,1,,,,,,,,
13,9,0,29,3,0,,,,,,,,
13,10,4,23,3,2,,,,,,,,
13,11,0,23,3,0,,,,,,,,
13,0,10,23,5,0,,,,,,,,
13,1,0,23,5,1,,,,,,,,
13,2,3,29,5,0,,,,,,,,
13,3,0,29,5,2,,,,,,,,
13,4,3,23,5,0,,,,,,,,
13,5,0,23,5,1,,,,,,,,
13,6,3,29,5,0,,,,,,,,
13,7,0,29,5,2,,,,,,,,
13,8,3,23,5,0,,,,,,,,
13,9,0,23,5,1,,,,,,,,
13,10,3,29,5,0,,,,,,,,
13,11,0,29,5,2,,,,,,,,
13,12,3,23,5,0,,,,,,,,
13,13,0,23,5,1,,,,,,,,
13,0,35,23,0,0,,,,,,,,
13,1,0,23,0,1,,,,,,,,
13,2,4,28,0,0,,,,,,,,
13,3,0,28,0,2,,,,,,,,
13,4,4,23,0,0,,,,,,,,
13,5,0,23,0,1,,,,,,,,
13,6,4,28,0,0,,,,,,,,
13,7,0,28,0,2,,,,,,,,
13,8,4,23,0,0,,,,,,,,
13,9,0,23,0,1,,,,,,,,
13,10,4,28,0,0,,,,,,,,
13,11,0,28,0,2,,,,,,,,
13,12,4,23,0,0,,,,,,,,
13,13,0,23,0,1,,,,,,,,
