wave,no,time,enemy_id,gate,lane,gold,health,time_auto_next_wave,time_show_button_next,tower_lock,rate_3_star,rate_2_star
0,0,0,26,1,0,1800,20,20,20,,18,10
0,1,0,26,1,1,,,,,,,
0,2,0,26,1,2,,,,,,,
0,3,1,0,1,0,,,,,,,
0,4,0,0,1,1,,,,,,,
0,5,0,0,1,2,,,,,,,
0,6,1,0,1,0,,,,,,,
0,7,0,0,1,1,,,,,,,
0,8,0,0,1,2,,,,,,,
0,9,1.2,26,1,0,,,,,,,
0,10,0,26,1,1,,,,,,,
0,11,0,26,1,2,,,,,,,
0,12,1,0,1,0,,,,,,,
0,13,0,0,1,1,,,,,,,
0,14,0,0,1,2,,,,,,,
0,15,1,0,1,0,,,,,,,
0,16,0,0,1,1,,,,,,,
0,17,0,0,1,2,,,,,,,
0,18,1.2,26,1,0,,,,,,,
0,19,0,26,1,1,,,,,,,
0,20,0,26,1,2,,,,,,,
0,21,1,0,1,0,,,,,,,
0,22,0,0,1,1,,,,,,,
0,23,0,0,1,2,,,,,,,
0,24,1,0,1,0,,,,,,,
0,25,0,0,1,1,,,,,,,
0,26,0,0,1,2,,,,,,,
0,0,15,27,0,0,,,,,,,
0,1,0,27,0,1,,,,,,,
0,2,0,27,0,2,,,,,,,
0,3,1,1,0,0,,,,,,,
0,4,0,1,0,1,,,,,,,
0,5,0,1,0,2,,,,,,,
0,6,1,1,0,0,,,,,,,
0,7,0,1,0,1,,,,,,,
0,8,0,1,0,2,,,,,,,
0,9,1.2,27,0,0,,,,,,,
0,10,0,27,0,1,,,,,,,
0,11,0,27,0,2,,,,,,,
0,12,1,1,0,0,,,,,,,
0,13,0,1,0,1,,,,,,,
0,14,0,1,0,2,,,,,,,
0,15,1,1,0,0,,,,,,,
0,16,0,1,0,1,,,,,,,
0,17,0,1,0,2,,,,,,,
0,18,1.2,27,0,0,,,,,,,
0,19,0,27,0,1,,,,,,,
0,20,0,27,0,2,,,,,,,
0,21,1,1,0,0,,,,,,,
0,22,0,1,0,1,,,,,,,
0,23,0,1,0,2,,,,,,,
0,24,1,1,0,0,,,,,,,
0,25,0,1,0,1,,,,,,,
0,26,0,1,0,2,,,,,,,
0,0,20,28,2,0,,,,,,,
0,1,0,28,2,1,,,,,,,
0,2,0,28,2,2,,,,,,,
0,3,1,31,2,0,,,,,,,
0,4,0,31,2,1,,,,,,,
0,5,0,31,2,2,,,,,,,
0,6,1,31,2,0,,,,,,,
0,7,0,31,2,1,,,,,,,
0,8,0,31,2,2,,,,,,,
0,9,1.2,28,2,0,,,,,,,
0,10,0,28,2,1,,,,,,,
0,11,0,28,2,2,,,,,,,
0,12,1,31,2,0,,,,,,,
0,13,0,31,2,1,,,,,,,
0,14,0,31,2,2,,,,,,,
0,15,1,31,2,0,,,,,,,
0,16,0,31,2,1,,,,,,,
0,17,0,31,2,2,,,,,,,
0,18,1.2,28,2,0,,,,,,,
0,19,0,28,2,1,,,,,,,
0,20,0,28,2,2,,,,,,,
0,21,1,31,2,0,,,,,,,
0,22,0,31,2,1,,,,,,,
0,23,0,31,2,2,,,,,,,
0,24,1,31,2,0,,,,,,,
0,25,0,31,2,1,,,,,,,
0,26,0,31,2,2,,,,,,,
1,0,0,26,0,0,,,,,,,
1,1,0,26,0,1,,,,,,,
1,2,0,26,0,2,,,,,,,
1,3,1.2,3,0,0,,,,,,,
1,4,0,3,0,1,,,,,,,
1,5,0,3,0,2,,,,,,,
1,6,1.2,0,0,0,,,,,,,
1,7,0,0,0,1,,,,,,,
1,8,0,0,0,2,,,,,,,
1,9,1.5,26,0,0,,,,,,,
1,10,0,26,0,1,,,,,,,
1,11,0,26,0,2,,,,,,,
1,12,1.2,3,0,0,,,,,,,
1,13,0,3,0,1,,,,,,,
1,14,0,3,0,2,,,,,,,
1,15,1.2,0,0,0,,,,,,,
1,16,0,0,0,1,,,,,,,
1,17,0,0,0,2,,,,,,,
1,18,1.5,26,0,0,,,,,,,
1,19,0,26,0,1,,,,,,,
1,20,0,26,0,2,,,,,,,
1,21,1.2,3,0,0,,,,,,,
1,22,0,3,0,1,,,,,,,
1,23,0,3,0,2,,,,,,,
1,24,1.2,0,0,0,,,,,,,
1,25,0,0,0,1,,,,,,,
1,26,0,0,0,2,,,,,,,
1,0,22,27,2,0,,,,,,,
1,1,0,27,2,1,,,,,,,
1,2,0,27,2,2,,,,,,,
1,3,1,10,2,0,,,,,,,
1,4,0,10,2,1,,,,,,,
1,5,0,10,2,2,,,,,,,
1,6,1,1,2,0,,,,,,,
1,7,0,1,2,1,,,,,,,
1,8,0,1,2,2,,,,,,,
1,9,1.2,27,2,0,,,,,,,
1,10,0,27,2,1,,,,,,,
1,11,0,27,2,2,,,,,,,
1,12,1,10,2,0,,,,,,,
1,13,0,10,2,1,,,,,,,
1,14,0,10,2,2,,,,,,,
1,15,1,1,2,0,,,,,,,
1,16,0,1,2,1,,,,,,,
1,17,0,1,2,2,,,,,,,
1,18,1.2,27,2,0,,,,,,,
1,19,0,27,2,1,,,,,,,
1,20,0,27,2,2,,,,,,,
1,21,1,10,2,0,,,,,,,
1,22,0,10,2,1,,,,,,,
1,23,0,10,2,2,,,,,,,
1,24,1,1,2,0,,,,,,,
1,25,0,1,2,1,,,,,,,
1,26,0,1,2,2,,,,,,,
1,0,18,28,1,0,,,,,,,
1,1,0,28,1,1,,,,,,,
1,2,0,28,1,2,,,,,,,
1,3,1,31,1,0,,,,,,,
1,4,0,31,1,1,,,,,,,
1,5,0,31,1,2,,,,,,,
1,6,1,31,1,0,,,,,,,
1,7,0,31,1,1,,,,,,,
1,8,0,31,1,2,,,,,,,
1,9,1.2,28,1,0,,,,,,,
1,10,0,28,1,1,,,,,,,
1,11,0,28,1,2,,,,,,,
1,12,1,31,1,0,,,,,,,
1,13,0,31,1,1,,,,,,,
1,14,0,31,1,2,,,,,,,
1,15,1,31,1,0,,,,,,,
1,16,0,31,1,1,,,,,,,
1,17,0,31,1,2,,,,,,,
1,18,1.2,28,1,0,,,,,,,
1,19,0,28,1,1,,,,,,,
1,20,0,28,1,2,,,,,,,
1,21,1,31,1,0,,,,,,,
1,22,0,31,1,1,,,,,,,
1,23,0,31,1,2,,,,,,,
2,0,0,5,1,1,,,,,,,
2,1,0,10,1,2,,,,,,,
2,2,2,5,1,1,,,,,,,
2,3,0,5,1,2,,,,,,,
2,4,2,10,1,1,,,,,,,
2,5,0,5,1,2,,,,,,,
2,6,2,10,1,1,,,,,,,
2,7,0,5,1,2,,,,,,,
2,8,2,10,1,1,,,,,,,
2,9,0,5,1,2,,,,,,,
2,10,2,10,1,1,,,,,,,
2,11,0,5,1,2,,,,,,,
2,12,2,10,1,1,,,,,,,
2,13,0,5,1,2,,,,,,,
2,14,2,10,1,1,,,,,,,
2,0,6,24,2,1,,,,,,,
2,1,1.5,24,2,1,,,,,,,
2,2,1.5,23,2,1,,,,,,,
2,3,1.4,24,2,0,,,,,,,
2,4,1.8,24,2,0,,,,,,,
2,5,1.5,24,2,0,,,,,,,
2,6,1.5,23,2,2,,,,,,,
2,7,1.5,24,2,2,,,,,,,
2,8,1.4,23,2,2,,,,,,,
2,9,1.8,24,2,0,,,,,,,
2,10,1.5,24,2,0,,,,,,,
2,11,1.6,23,2,0,,,,,,,
2,12,1.8,24,2,1,,,,,,,
2,13,1.5,23,2,1,,,,,,,
2,14,1,24,2,1,,,,,,,
2,0,15,28,3,0,,,,,,,
2,1,0,28,3,1,,,,,,,
2,2,0,28,3,2,,,,,,,
2,3,1,31,3,0,,,,,,,
2,4,0,31,3,1,,,,,,,
2,5,0,31,3,2,,,,,,,
2,6,2,28,3,0,,,,,,,
2,7,0,28,3,1,,,,,,,
2,8,0,28,3,2,,,,,,,
2,9,1,31,3,0,,,,,,,
2,10,0,31,3,1,,,,,,,
2,11,0,31,3,2,,,,,,,
2,12,2,28,3,0,,,,,,,
2,13,0,28,3,1,,,,,,,
2,14,0,28,3,2,,,,,,,
2,15,1,31,3,0,,,,,,,
2,16,0,31,3,1,,,,,,,
2,17,0,31,3,2,,,,,,,
2,0,20,28,0,0,,,,,,,
2,1,0,28,0,1,,,,,,,
2,2,0,28,0,2,,,,,,,
2,3,1,31,0,0,,,,,,,
2,4,0,31,0,1,,,,,,,
2,5,0,31,0,2,,,,,,,
2,6,2,28,0,0,,,,,,,
2,7,0,28,0,1,,,,,,,
2,8,0,28,0,2,,,,,,,
2,9,1,31,0,0,,,,,,,
2,10,0,31,0,1,,,,,,,
2,11,0,31,0,2,,,,,,,
2,12,2,28,0,0,,,,,,,
2,13,0,28,0,1,,,,,,,
2,14,0,28,0,2,,,,,,,
2,15,1,31,0,0,,,,,,,
2,16,0,31,0,1,,,,,,,
2,17,0,31,0,2,,,,,,,
3,0,0,24,1,-1,,,,,,,
3,1,1.5,24,1,-1,,,,,,,
3,2,1.5,24,1,-1,,,,,,,
3,3,1.4,24,1,-1,,,,,,,
3,4,1.8,24,1,-1,,,,,,,
3,5,1.5,24,1,-1,,,,,,,
3,6,1.5,24,1,-1,,,,,,,
3,7,1.5,24,1,-1,,,,,,,
3,8,1.4,24,1,-1,,,,,,,
3,9,1.8,24,1,-1,,,,,,,
3,10,1.5,24,1,-1,,,,,,,
3,11,1.6,24,1,-1,,,,,,,
3,12,1.8,24,1,-1,,,,,,,
3,13,1.5,24,1,-1,,,,,,,
3,14,1.5,24,1,-1,,,,,,,
3,0,0,23,2,-1,,,,,,,
3,1,1.8,23,2,-1,,,,,,,
3,2,1.5,23,2,-1,,,,,,,
3,3,1.5,23,2,-1,,,,,,,
3,4,1.5,23,2,-1,,,,,,,
3,5,1.4,23,2,-1,,,,,,,
3,6,1.8,23,2,-1,,,,,,,
3,7,1.5,23,2,-1,,,,,,,
3,8,1.4,23,2,-1,,,,,,,
3,9,1.8,23,2,-1,,,,,,,
3,0,10,5,0,-1,,,,,,,
3,1,1.5,10,0,-1,,,,,,,
3,2,1.5,5,0,-1,,,,,,,
3,3,1.4,5,0,-1,,,,,,,
3,4,1.8,10,0,-1,,,,,,,
3,5,1.5,5,0,-1,,,,,,,
3,6,1.5,10,0,-1,,,,,,,
3,7,1.5,10,0,-1,,,,,,,
3,8,1.5,5,0,-1,,,,,,,
3,9,1.5,10,0,-1,,,,,,,
3,0,15,5,3,-1,,,,,,,
3,1,1.5,5,3,-1,,,,,,,
3,2,1.5,10,3,-1,,,,,,,
3,3,1.4,5,3,-1,,,,,,,
3,4,1.8,5,3,-1,,,,,,,
3,5,1.5,10,3,-1,,,,,,,
3,6,1.5,10,3,-1,,,,,,,
3,7,1.5,5,3,-1,,,,,,,
3,8,1.4,10,3,-1,,,,,,,
3,0,22,28,4,-1,,,,,,,
3,1,1.4,28,4,-1,,,,,,,
3,2,1.4,28,4,-1,,,,,,,
3,3,1.8,28,4,-1,,,,,,,
3,4,1.5,28,4,-1,,,,,,,
3,5,1.5,28,4,-1,,,,,,,
3,6,1.5,28,4,-1,,,,,,,
3,7,1.4,28,4,-1,,,,,,,
3,8,1.5,28,4,-1,,,,,,,
3,9,1.5,28,4,-1,,,,,,,
4,0,0,26,1,1,,,,,,,
4,1,0,26,1,2,,,,,,,
4,2,0,28,1,0,,,,,,,
4,3,2,26,1,1,,,,,,,
4,4,0,26,1,2,,,,,,,
4,5,1,28,1,0,,,,,,,
4,6,2,26,1,1,,,,,,,
4,7,0,26,1,2,,,,,,,
4,8,1,28,1,0,,,,,,,
4,9,2,26,1,1,,,,,,,
4,10,0,26,1,2,,,,,,,
4,11,1,28,1,0,,,,,,,
4,0,0,27,2,1,,,,,,,
4,1,0,27,2,2,,,,,,,
4,2,0,28,2,0,,,,,,,
4,3,2,27,2,1,,,,,,,
4,4,0,27,2,2,,,,,,,
4,5,1,28,2,0,,,,,,,
4,6,2,27,2,1,,,,,,,
4,7,0,27,2,2,,,,,,,
4,8,1,28,2,0,,,,,,,
4,9,2,27,2,1,,,,,,,
4,10,0,27,2,2,,,,,,,
4,11,1,28,2,0,,,,,,,
4,0,0,24,0,-1,,,,,,,
4,1,1.5,24,0,-1,,,,,,,
4,2,1.5,24,0,-1,,,,,,,
4,3,1.4,24,0,-1,,,,,,,
4,4,1.8,24,0,-1,,,,,,,
4,5,1.5,24,0,-1,,,,,,,
4,6,1.5,24,0,-1,,,,,,,
4,7,1.5,24,0,-1,,,,,,,
4,8,1.4,24,0,-1,,,,,,,
4,9,1.8,24,0,-1,,,,,,,
4,0,0,23,3,-1,,,,,,,
4,1,1.8,23,3,-1,,,,,,,
4,2,1.5,23,3,-1,,,,,,,
4,3,1.5,23,3,-1,,,,,,,
4,4,1.5,23,3,-1,,,,,,,
4,5,1.4,23,3,-1,,,,,,,
4,6,1.8,23,3,-1,,,,,,,
4,7,1.5,23,3,-1,,,,,,,
4,8,1.4,23,3,-1,,,,,,,
4,9,1.8,23,3,-1,,,,,,,
4,0,15,26,4,1,,,,,,,
4,1,0,26,4,2,,,,,,,
4,2,1,28,4,0,,,,,,,
4,3,0,27,4,1,,,,,,,
4,4,2,26,4,1,,,,,,,
4,5,0,26,4,2,,,,,,,
4,6,1,28,4,0,,,,,,,
4,7,0,27,4,1,,,,,,,
4,8,0,28,4,0,,,,,,,
5,0,0,26,1,-1,,,,,,,
5,1,1.5,24,1,-1,,,,,,,
5,2,1.5,24,1,-1,,,,,,,
5,3,1.4,26,1,-1,,,,,,,
5,4,1.8,24,1,-1,,,,,,,
5,5,1.5,26,1,-1,,,,,,,
5,6,1.5,26,1,-1,,,,,,,
5,7,1.5,24,1,-1,,,,,,,
5,8,1.4,26,1,-1,,,,,,,
5,9,1.8,24,1,-1,,,,,,,
5,10,1.5,26,1,-1,,,,,,,
5,11,1.6,24,1,-1,,,,,,,
5,12,1.8,26,1,-1,,,,,,,
5,13,1.5,24,1,-1,,,,,,,
5,14,1.5,26,1,-1,,,,,,,
5,0,0,23,2,-1,,,,,,,
5,1,1.8,27,2,-1,,,,,,,
5,2,1.5,27,2,-1,,,,,,,
5,3,1.5,23,2,-1,,,,,,,
5,4,1.5,27,2,-1,,,,,,,
5,5,1.4,23,2,-1,,,,,,,
5,6,1.8,27,2,-1,,,,,,,
5,7,1.5,23,2,-1,,,,,,,
5,8,1.4,27,2,-1,,,,,,,
5,9,1.8,27,2,-1,,,,,,,
5,10,1.5,23,2,-1,,,,,,,
5,11,1.6,27,2,-1,,,,,,,
5,12,1.8,27,2,-1,,,,,,,
5,13,1.5,23,2,-1,,,,,,,
5,14,1.5,27,2,-1,,,,,,,
5,0,8,27,0,-1,,,,,,,
5,1,1.5,10,0,-1,,,,,,,
5,2,1.4,27,0,-1,,,,,,,
5,3,1.3,10,0,-1,,,,,,,
5,4,1.4,10,0,-1,,,,,,,
5,5,1.2,10,0,-1,,,,,,,
5,6,1.4,27,0,-1,,,,,,,
5,7,1.2,27,0,-1,,,,,,,
5,8,1,10,0,-1,,,,,,,
5,9,1.4,10,0,-1,,,,,,,
5,10,1.3,27,0,-1,,,,,,,
5,11,1.5,10,0,-1,,,,,,,
5,0,8,10,3,-1,,,,,,,
5,1,1.5,27,3,-1,,,,,,,
5,2,1.4,10,3,-1,,,,,,,
5,3,1.3,27,3,-1,,,,,,,
5,4,1.4,27,3,-1,,,,,,,
5,5,1.2,10,3,-1,,,,,,,
5,6,1.4,27,3,-1,,,,,,,
5,7,1.2,27,3,-1,,,,,,,
5,8,1,10,3,-1,,,,,,,
5,9,1.4,10,3,-1,,,,,,,
5,10,1.3,27,3,-1,,,,,,,
5,11,1.5,10,3,-1,,,,,,,
6,0,0,22,1,-1,,,,,,,
6,1,1.8,22,1,-1,,,,,,,
6,2,1.8,22,1,-1,,,,,,,
6,3,1.8,22,1,-1,,,,,,,
6,4,1.8,22,1,-1,,,,,,,
6,5,1.4,22,1,-1,,,,,,,
6,6,1.8,22,1,-1,,,,,,,
6,7,1.4,22,1,-1,,,,,,,
6,0,8,22,2,-1,,,,,,,
6,1,1.8,22,2,-1,,,,,,,
6,2,1.8,22,2,-1,,,,,,,
6,3,1.8,22,2,-1,,,,,,,
6,4,1.8,22,2,-1,,,,,,,
6,5,1.4,22,2,-1,,,,,,,
6,6,1.8,22,2,-1,,,,,,,
6,7,1.4,22,2,-1,,,,,,,
6,0,20,26,3,0,,,,,,,
6,1,0,26,3,1,,,,,,,
6,2,0,26,3,2,,,,,,,
6,3,1,0,3,0,,,,,,,
6,4,0,0,3,1,,,,,,,
6,5,0,0,3,2,,,,,,,
6,6,1,0,3,0,,,,,,,
6,7,0,0,3,1,,,,,,,
6,8,0,0,3,2,,,,,,,
6,9,1.2,26,3,0,,,,,,,
6,10,0,26,3,1,,,,,,,
6,11,0,26,3,2,,,,,,,
6,12,1,0,3,0,,,,,,,
6,13,0,0,3,1,,,,,,,
6,14,0,0,3,2,,,,,,,
6,15,1,0,3,0,,,,,,,
6,16,0,0,3,1,,,,,,,
6,17,0,0,3,2,,,,,,,
6,18,1.2,26,3,0,,,,,,,
6,19,0,26,3,1,,,,,,,
6,20,0,26,3,2,,,,,,,
6,21,1,0,3,0,,,,,,,
6,22,0,0,3,1,,,,,,,
6,23,0,0,3,2,,,,,,,
6,24,1,0,3,0,,,,,,,
6,25,0,0,3,1,,,,,,,
6,26,0,0,3,2,,,,,,,
6,0,15,27,0,0,,,,,,,
6,1,0,27,0,1,,,,,,,
6,2,0,27,0,2,,,,,,,
6,3,1,1,0,0,,,,,,,
6,4,0,1,0,1,,,,,,,
6,5,0,1,0,2,,,,,,,
6,6,1,1,0,0,,,,,,,
6,7,0,1,0,1,,,,,,,
6,8,0,1,0,2,,,,,,,
6,9,1.2,27,0,0,,,,,,,
6,10,0,27,0,1,,,,,,,
6,11,0,27,0,2,,,,,,,
6,12,1,1,0,0,,,,,,,
6,13,0,1,0,1,,,,,,,
6,14,0,1,0,2,,,,,,,
6,15,1,1,0,0,,,,,,,
6,16,0,1,0,1,,,,,,,
6,17,0,1,0,2,,,,,,,
6,18,1.2,27,0,0,,,,,,,
6,19,0,27,0,1,,,,,,,
6,20,0,27,0,2,,,,,,,
6,21,1,1,0,0,,,,,,,
6,22,0,1,0,1,,,,,,,
6,23,0,1,0,2,,,,,,,
6,24,1,1,0,0,,,,,,,
6,25,0,1,0,1,,,,,,,
6,26,0,1,0,2,,,,,,,
6,0,22,28,4,0,,,,,,,
6,1,0,28,4,1,,,,,,,
6,2,0,28,4,2,,,,,,,
6,3,1,31,4,0,,,,,,,
6,4,0,31,4,1,,,,,,,
6,5,0,31,4,2,,,,,,,
6,6,1,31,4,0,,,,,,,
6,7,0,31,4,1,,,,,,,
6,8,0,31,4,2,,,,,,,
6,9,1.2,28,4,0,,,,,,,
6,10,0,28,4,1,,,,,,,
6,11,0,28,4,2,,,,,,,
6,12,1,31,4,0,,,,,,,
6,13,0,31,4,1,,,,,,,
6,14,0,31,4,2,,,,,,,
6,15,1,31,4,0,,,,,,,
6,16,0,31,4,1,,,,,,,
6,17,0,31,4,2,,,,,,,
7,0,0,22,1,-1,,,,,,,
7,1,1.5,26,1,-1,,,,,,,
7,2,1.4,22,1,-1,,,,,,,
7,3,1.3,26,1,-1,,,,,,,
7,4,1.4,22,1,-1,,,,,,,
7,5,1.2,26,1,-1,,,,,,,
7,6,1.4,26,1,-1,,,,,,,
7,7,1.2,26,1,-1,,,,,,,
7,8,1,22,1,-1,,,,,,,
7,9,1.4,26,1,-1,,,,,,,
7,10,1.3,22,1,-1,,,,,,,
7,11,1.4,26,1,-1,,,,,,,
7,12,1.2,22,1,-1,,,,,,,
7,13,1,26,1,-1,,,,,,,
7,14,1.4,26,1,-1,,,,,,,
7,15,1.3,26,1,-1,,,,,,,
7,16,1,26,1,-1,,,,,,,
7,17,1.4,22,1,-1,,,,,,,
7,0,0,22,2,-1,,,,,,,
7,1,1.5,27,2,-1,,,,,,,
7,2,1.4,22,2,-1,,,,,,,
7,3,1.3,27,2,-1,,,,,,,
7,4,1.4,22,2,-1,,,,,,,
7,5,1.2,22,2,-1,,,,,,,
7,6,1.4,27,2,-1,,,,,,,
7,7,1.2,27,2,-1,,,,,,,
7,8,1,22,2,-1,,,,,,,
7,9,1.4,27,2,-1,,,,,,,
7,10,1.3,22,2,-1,,,,,,,
7,11,1.4,27,2,-1,,,,,,,
7,12,1.2,22,2,-1,,,,,,,
7,13,1,27,2,-1,,,,,,,
7,14,1.4,22,2,-1,,,,,,,
7,0,15,26,0,0,,,,,,,
7,1,0,26,0,1,,,,,,,
7,2,0,26,0,2,,,,,,,
7,3,1,0,0,0,,,,,,,
7,4,0,0,0,1,,,,,,,
7,5,0,0,0,2,,,,,,,
7,6,1.8,26,0,0,,,,,,,
7,7,0,26,0,1,,,,,,,
7,8,0,26,0,2,,,,,,,
7,9,1,0,0,0,,,,,,,
7,10,0,0,0,1,,,,,,,
7,11,0,0,0,2,,,,,,,
7,12,1.8,26,0,0,,,,,,,
7,13,0,26,0,1,,,,,,,
7,14,0,26,0,2,,,,,,,
7,15,1,0,0,0,,,,,,,
7,16,0,0,0,1,,,,,,,
7,17,0,0,0,2,,,,,,,
7,0,22,27,3,0,,,,,,,
7,1,0,27,3,1,,,,,,,
7,2,0,27,3,2,,,,,,,
7,3,1,0,3,0,,,,,,,
7,4,0,0,3,1,,,,,,,
7,5,0,0,3,2,,,,,,,
7,6,1.8,27,3,0,,,,,,,
7,7,0,27,3,1,,,,,,,
7,8,0,27,3,2,,,,,,,
7,9,1,0,3,0,,,,,,,
7,10,0,0,3,1,,,,,,,
7,11,0,0,3,2,,,,,,,
7,12,1.8,27,3,0,,,,,,,
7,13,0,27,3,1,,,,,,,
7,14,0,27,3,2,,,,,,,
7,15,1,0,3,0,,,,,,,
7,16,0,0,3,1,,,,,,,
7,17,0,0,3,2,,,,,,,
8,0,0,23,1,0,,,,,,,
8,1,0,23,1,1,,,,,,,
8,2,0,23,1,2,,,,,,,
8,3,2,23,1,0,,,,,,,
8,4,0,23,1,1,,,,,,,
8,5,0,23,1,2,,,,,,,
8,6,1.8,26,1,0,,,,,,,
8,7,0,26,1,1,,,,,,,
8,8,0,26,1,2,,,,,,,
8,9,1,0,1,0,,,,,,,
8,10,0,0,1,1,,,,,,,
8,11,0,0,1,2,,,,,,,
8,12,1.8,26,1,0,,,,,,,
8,13,0,26,1,1,,,,,,,
8,14,0,26,1,2,,,,,,,
8,15,1,0,1,0,,,,,,,
8,16,0,0,1,1,,,,,,,
8,17,0,0,1,2,,,,,,,
8,18,1.8,26,1,0,,,,,,,
8,19,0,26,1,1,,,,,,,
8,20,0,26,1,2,,,,,,,
8,21,1,0,1,0,,,,,,,
8,22,0,0,1,1,,,,,,,
8,23,0,0,1,2,,,,,,,
8,0,15,23,2,0,,,,,,,
8,1,0,23,2,1,,,,,,,
8,2,0,23,2,2,,,,,,,
8,3,2,23,2,0,,,,,,,
8,4,0,23,2,1,,,,,,,
8,5,0,23,2,2,,,,,,,
8,6,1.8,27,2,0,,,,,,,
8,7,0,27,2,1,,,,,,,
8,8,0,27,2,2,,,,,,,
8,9,1,1,2,0,,,,,,,
8,10,0,1,2,1,,,,,,,
8,11,0,1,2,2,,,,,,,
8,12,1.8,27,2,0,,,,,,,
8,13,0,27,2,1,,,,,,,
8,14,0,27,2,2,,,,,,,
8,15,1,1,2,0,,,,,,,
8,16,0,1,2,1,,,,,,,
8,17,0,1,2,2,,,,,,,
8,18,1.8,27,2,0,,,,,,,
8,19,0,27,2,1,,,,,,,
8,20,0,27,2,2,,,,,,,
8,21,1,1,2,0,,,,,,,
8,22,0,1,2,1,,,,,,,
8,23,0,1,2,2,,,,,,,
8,0,20,26,3,0,,,,,,,
8,1,0,26,3,1,,,,,,,
8,2,0,26,3,2,,,,,,,
8,3,2,26,3,0,,,,,,,
8,4,0,26,3,1,,,,,,,
8,5,0,26,3,2,,,,,,,
8,6,2,26,3,0,,,,,,,
8,7,0,26,3,1,,,,,,,
8,8,0,26,3,2,,,,,,,
8,0,20,27,0,0,,,,,,,
8,1,0,27,0,1,,,,,,,
8,2,0,27,0,2,,,,,,,
8,3,2,27,0,0,,,,,,,
8,4,0,27,0,1,,,,,,,
8,5,0,27,0,2,,,,,,,
8,6,2,27,0,0,,,,,,,
8,7,0,27,0,1,,,,,,,
8,8,0,27,0,2,,,,,,,
8,0,22,28,4,-1,,,,,,,
8,1,1,28,4,-1,,,,,,,
8,2,1.4,28,4,-1,,,,,,,
8,3,1.3,28,4,-1,,,,,,,
8,4,1.4,28,4,-1,,,,,,,
8,5,1.2,28,4,-1,,,,,,,
8,6,1,28,4,-1,,,,,,,
8,7,1.4,28,4,-1,,,,,,,
8,8,1.3,28,4,-1,,,,,,,
9,0,0,26,1,1,,,,,,,
9,1,0,26,1,2,,,,,,,
9,2,1.2,28,1,0,,,,,,,
9,3,2,26,1,1,,,,,,,
9,4,0,26,1,2,,,,,,,
9,5,1.2,28,1,0,,,,,,,
9,6,1.8,26,1,1,,,,,,,
9,7,0,26,1,2,,,,,,,
9,8,1.2,28,1,0,,,,,,,
9,9,1,27,1,1,,,,,,,
9,10,0,27,1,2,,,,,,,
9,11,1.2,28,1,0,,,,,,,
9,0,0,26,2,1,,,,,,,
9,1,0,26,2,2,,,,,,,
9,2,1.2,28,2,0,,,,,,,
9,3,2,26,2,1,,,,,,,
9,4,0,26,2,2,,,,,,,
9,5,1.2,28,2,0,,,,,,,
9,6,1.8,26,2,1,,,,,,,
9,7,0,26,2,2,,,,,,,
9,8,1.2,28,2,0,,,,,,,
9,9,1,27,2,1,,,,,,,
9,10,0,27,2,2,,,,,,,
9,11,1.2,28,2,0,,,,,,,
9,1,1.5,23,0,-1,,,,,,,
9,2,1.2,23,0,-1,,,,,,,
9,3,1.3,28,0,-1,,,,,,,
9,4,1.1,23,0,-1,,,,,,,
9,5,1.1,28,0,-1,,,,,,,
9,6,1,28,0,-1,,,,,,,
9,7,1.4,28,0,-1,,,,,,,
9,8,1.2,23,0,-1,,,,,,,
9,9,1.1,23,0,-1,,,,,,,
9,10,1,28,0,-1,,,,,,,
9,11,1.4,28,0,-1,,,,,,,
9,0,15,24,3,-1,,,,,,,
9,1,1.2,24,3,-1,,,,,,,
9,2,1.2,24,3,-1,,,,,,,
9,3,1.2,28,3,-1,,,,,,,
9,4,1.2,28,3,-1,,,,,,,
9,5,1.2,24,3,-1,,,,,,,
9,6,1.5,28,3,-1,,,,,,,
9,7,1.3,28,3,-1,,,,,,,
9,8,1.2,28,3,-1,,,,,,,
9,9,1.1,24,3,-1,,,,,,,
9,10,1.2,24,3,-1,,,,,,,
9,11,1.3,28,3,-1,,,,,,,
9,0,10,26,4,-1,,,,,,,
9,1,1.2,26,4,-1,,,,,,,
9,2,1.2,28,4,-1,,,,,,,
9,3,1.2,28,4,-1,,,,,,,
9,4,1.2,26,4,-1,,,,,,,
9,5,1.2,28,4,-1,,,,,,,
9,6,1.5,28,4,-1,,,,,,,
9,7,1.3,26,4,-1,,,,,,,
9,8,1.2,28,4,-1,,,,,,,
9,9,1.1,26,4,-1,,,,,,,
9,10,1.2,28,4,-1,,,,,,,
9,11,1.3,26,4,-1,,,,,,,
10,0,0,28,1,-1,,,,,,,
10,1,2,28,1,-1,,,,,,,
10,2,1.8,28,1,-1,,,,,,,
10,3,1.8,28,1,-1,,,,,,,
10,4,1.8,28,1,-1,,,,,,,
10,5,1.8,28,1,-1,,,,,,,
10,6,1.6,28,1,-1,,,,,,,
10,7,1.8,28,1,-1,,,,,,,
10,8,1.5,28,1,-1,,,,,,,
10,9,1.3,28,1,-1,,,,,,,
10,10,1.2,28,1,-1,,,,,,,
10,11,1.1,28,1,-1,,,,,,,
10,12,1.2,28,1,-1,,,,,,,
10,13,1.3,28,1,-1,,,,,,,
10,14,1.1,28,1,-1,,,,,,,
10,0,5,28,2,-1,,,,,,,
10,1,2,28,2,-1,,,,,,,
10,2,1.8,28,2,-1,,,,,,,
10,3,1.8,28,2,-1,,,,,,,
10,4,1.8,28,2,-1,,,,,,,
10,5,1.8,28,2,-1,,,,,,,
10,6,1.6,28,2,-1,,,,,,,
10,7,1.8,28,2,-1,,,,,,,
10,8,1.5,28,2,-1,,,,,,,
10,9,1.3,28,2,-1,,,,,,,
10,10,1.2,28,2,-1,,,,,,,
10,11,1.1,28,2,-1,,,,,,,
10,12,1.2,28,2,-1,,,,,,,
10,13,1.3,28,2,-1,,,,,,,
10,14,1.1,28,2,-1,,,,,,,
10,0,10,22,0,-1,,,,,,,
10,1,1.5,22,0,-1,,,,,,,
10,2,1.5,26,0,-1,,,,,,,
10,3,1.5,22,0,-1,,,,,,,
10,4,1.4,26,0,-1,,,,,,,
10,5,1.8,22,0,-1,,,,,,,
10,6,1.5,26,0,-1,,,,,,,
10,7,4,22,0,-1,,,,,,,
10,8,1.8,26,0,-1,,,,,,,
10,9,1.5,26,0,-1,,,,,,,
10,10,1.6,22,0,-1,,,,,,,
10,11,1.8,26,0,-1,,,,,,,
10,12,1.5,26,0,-1,,,,,,,
10,13,1.5,26,0,-1,,,,,,,
10,14,1.5,22,0,-1,,,,,,,
10,0,2,26,3,-1,,,,,,,
10,1,1.5,26,3,-1,,,,,,,
10,2,1.5,26,3,-1,,,,,,,
10,3,1.5,22,3,-1,,,,,,,
10,4,1.4,22,3,-1,,,,,,,
10,5,1.8,26,3,-1,,,,,,,
10,6,1.5,22,3,-1,,,,,,,
10,7,1.4,26,3,-1,,,,,,,
10,8,1.8,26,3,-1,,,,,,,
10,9,6,26,3,-1,,,,,,,
10,10,1.6,26,3,-1,,,,,,,
10,11,1.8,26,3,-1,,,,,,,
10,12,1.5,22,3,-1,,,,,,,
10,13,1.5,26,3,-1,,,,,,,
10,14,1.5,22,3,-1,,,,,,,
11,0,0,26,0,-1,,,,,,,
11,1,1.5,26,0,-1,,,,,,,
11,2,1.5,26,0,-1,,,,,,,
11,3,1.5,26,0,-1,,,,,,,
11,4,1.4,26,0,-1,,,,,,,
11,5,1.8,26,0,-1,,,,,,,
11,6,1.5,26,0,-1,,,,,,,
11,7,1.4,26,0,-1,,,,,,,
11,8,1.8,26,0,-1,,,,,,,
11,9,1.5,26,0,-1,,,,,,,
11,10,1.4,26,0,-1,,,,,,,
11,11,1.8,26,0,-1,,,,,,,
11,12,1.4,26,0,-1,,,,,,,
11,13,1.8,26,0,-1,,,,,,,
11,0,4,24,1,-1,,,,,,,
11,1,1.5,24,1,-1,,,,,,,
11,2,1.5,24,1,-1,,,,,,,
11,3,1.5,24,1,-1,,,,,,,
11,4,1.4,24,1,-1,,,,,,,
11,5,1.8,24,1,-1,,,,,,,
11,6,1.5,24,1,-1,,,,,,,
11,7,1.4,24,1,-1,,,,,,,
11,8,1.2,24,1,-1,,,,,,,
11,9,1.5,24,1,-1,,,,,,,
11,10,1.4,24,1,-1,,,,,,,
11,11,1.2,24,1,-1,,,,,,,
11,12,1.4,24,1,-1,,,,,,,
11,13,1.2,24,1,-1,,,,,,,
11,0,13,23,2,-1,,,,,,,
11,1,1.5,23,2,-1,,,,,,,
11,2,1.5,23,2,-1,,,,,,,
11,3,1.5,23,2,-1,,,,,,,
11,4,1.4,23,2,-1,,,,,,,
11,5,1.8,23,2,-1,,,,,,,
11,6,1.5,23,2,-1,,,,,,,
11,7,1.4,23,2,-1,,,,,,,
11,8,1.8,23,2,-1,,,,,,,
11,9,1.5,23,2,-1,,,,,,,
11,10,1.4,23,2,-1,,,,,,,
11,11,1.8,23,2,-1,,,,,,,
11,0,17,27,3,-1,,,,,,,
11,1,1.5,27,3,-1,,,,,,,
11,2,1.5,27,3,-1,,,,,,,
11,3,1.5,27,3,-1,,,,,,,
11,4,1.4,27,3,-1,,,,,,,
11,5,1.8,27,3,-1,,,,,,,
11,6,1.5,27,3,-1,,,,,,,
11,7,1.4,27,3,-1,,,,,,,
11,8,1.2,27,3,-1,,,,,,,
11,9,1.5,27,3,-1,,,,,,,
11,10,1.4,27,3,-1,,,,,,,
11,11,1.2,27,3,-1,,,,,,,
11,0,14,28,4,1,,,,,,,
11,1,0,28,4,2,,,,,,,
11,2,1.2,28,4,1,,,,,,,
11,3,0,28,4,2,,,,,,,
11,4,1.2,28,4,1,,,,,,,
11,5,0,28,4,2,,,,,,,
11,6,1.2,28,4,1,,,,,,,
11,7,0,28,4,2,,,,,,,
11,8,1.2,28,4,1,,,,,,,
11,9,0,28,4,2,,,,,,,
11,10,1.2,28,4,1,,,,,,,
11,11,0,28,4,2,,,,,,,
12,0,5,28,1,0,,,,,,,
12,1,0,28,1,1,,,,,,,
12,2,0,28,1,2,,,,,,,
12,3,1,31,1,0,,,,,,,
12,4,0,31,1,1,,,,,,,
12,5,0,31,1,2,,,,,,,
12,6,1.2,28,1,0,,,,,,,
12,7,0,28,1,1,,,,,,,
12,8,0,28,1,2,,,,,,,
12,9,1,31,1,0,,,,,,,
12,10,0,31,1,1,,,,,,,
12,11,0,31,1,2,,,,,,,
12,12,1.2,28,1,0,,,,,,,
12,13,0,28,1,1,,,,,,,
12,14,0,28,1,2,,,,,,,
12,15,1,31,1,0,,,,,,,
12,16,0,31,1,1,,,,,,,
12,17,0,31,1,2,,,,,,,
12,18,1.2,28,1,0,,,,,,,
12,19,0,28,1,1,,,,,,,
12,20,0,28,1,2,,,,,,,
12,21,1,31,1,0,,,,,,,
12,22,0,31,1,1,,,,,,,
12,23,0,31,1,2,,,,,,,
12,0,5,28,2,0,,,,,,,
12,1,0,28,2,1,,,,,,,
12,2,0,28,2,2,,,,,,,
12,3,0.8,31,2,0,,,,,,,
12,4,0,31,2,1,,,,,,,
12,5,0,31,2,2,,,,,,,
12,6,1,28,2,0,,,,,,,
12,7,0,28,2,1,,,,,,,
12,8,0,28,2,2,,,,,,,
12,9,0.8,31,2,0,,,,,,,
12,10,0,31,2,1,,,,,,,
12,11,0,31,2,2,,,,,,,
12,12,1,28,2,0,,,,,,,
12,13,0,28,2,1,,,,,,,
12,14,0,28,2,2,,,,,,,
12,15,0.8,31,2,0,,,,,,,
12,16,0,31,2,1,,,,,,,
12,17,0,31,2,2,,,,,,,
12,18,1,28,2,0,,,,,,,
12,19,0,28,2,1,,,,,,,
12,20,0,28,2,2,,,,,,,
12,21,0.8,31,2,0,,,,,,,
12,22,0,31,2,1,,,,,,,
12,23,0,31,2,2,,,,,,,
12,0,0,26,0,0,,,,,,,
12,1,0,26,0,1,,,,,,,
12,2,0,26,0,2,,,,,,,
12,3,1.4,27,0,0,,,,,,,
12,4,0,27,0,1,,,,,,,
12,5,0,27,0,2,,,,,,,
12,6,1.8,26,0,0,,,,,,,
12,7,0,26,0,1,,,,,,,
12,8,0,26,0,2,,,,,,,
12,9,1.4,27,0,0,,,,,,,
12,10,0,27,0,1,,,,,,,
12,11,0,27,0,2,,,,,,,
12,12,1.8,26,0,0,,,,,,,
12,13,0,26,0,1,,,,,,,
12,14,0,26,0,2,,,,,,,
12,15,1.4,27,0,0,,,,,,,
12,16,0,27,0,1,,,,,,,
12,17,0,27,0,2,,,,,,,
12,0,0,26,3,0,,,,,,,
12,1,0,26,3,1,,,,,,,
12,2,0,26,3,2,,,,,,,
12,3,1.4,27,3,0,,,,,,,
12,4,0,27,3,1,,,,,,,
12,5,0,27,3,2,,,,,,,
12,6,1.8,26,3,0,,,,,,,
12,7,0,26,3,1,,,,,,,
12,8,0,26,3,2,,,,,,,
12,9,1.4,27,3,0,,,,,,,
12,10,0,27,3,1,,,,,,,
12,11,0,27,3,2,,,,,,,
12,12,1.8,26,3,0,,,,,,,
12,13,0,26,3,1,,,,,,,
12,14,0,26,3,2,,,,,,,
12,15,1.4,27,3,0,,,,,,,
12,16,0,27,3,1,,,,,,,
12,17,0,27,3,2,,,,,,,
13,0,4,28,1,0,,,,,,,
13,1,0,28,1,1,,,,,,,
13,2,0,28,1,2,,,,,,,
13,3,1,31,1,0,,,,,,,
13,4,0,31,1,1,,,,,,,
13,5,0,31,1,2,,,,,,,
13,6,1.2,28,1,0,,,,,,,
13,7,0,28,1,1,,,,,,,
13,8,0,28,1,2,,,,,,,
13,9,1,31,1,0,,,,,,,
13,10,0,31,1,1,,,,,,,
13,11,0,31,1,2,,,,,,,
13,12,1.2,28,1,0,,,,,,,
13,13,0,28,1,1,,,,,,,
13,14,0,28,1,2,,,,,,,
13,15,1,31,1,0,,,,,,,
13,16,0,31,1,1,,,,,,,
13,17,0,31,1,2,,,,,,,
13,18,1.2,28,1,0,,,,,,,
13,19,0,28,1,1,,,,,,,
13,20,0,28,1,2,,,,,,,
13,21,1,31,1,0,,,,,,,
13,22,0,31,1,1,,,,,,,
13,23,0,31,1,2,,,,,,,
13,0,9,28,2,0,,,,,,,
13,1,0,28,2,1,,,,,,,
13,2,0,28,2,2,,,,,,,
13,3,1,31,2,0,,,,,,,
13,4,0,31,2,1,,,,,,,
13,5,0,31,2,2,,,,,,,
13,6,2,28,2,0,,,,,,,
13,7,0,28,2,1,,,,,,,
13,8,0,28,2,2,,,,,,,
13,9,1.2,31,2,0,,,,,,,
13,10,0,31,2,1,,,,,,,
13,11,0,31,2,2,,,,,,,
13,12,2,28,2,0,,,,,,,
13,13,0,28,2,1,,,,,,,
13,14,0,28,2,2,,,,,,,
13,15,1.2,31,2,0,,,,,,,
13,16,0,31,2,1,,,,,,,
13,17,0,31,2,2,,,,,,,
13,18,2,28,2,0,,,,,,,
13,19,0,28,2,1,,,,,,,
13,20,0,28,2,2,,,,,,,
13,21,1.2,31,2,0,,,,,,,
13,22,0,31,2,1,,,,,,,
13,23,0,31,2,2,,,,,,,
13,0,1,26,0,0,,,,,,,
13,1,0,26,0,1,,,,,,,
13,2,0,26,0,2,,,,,,,
13,3,1,27,0,0,,,,,,,
13,4,0,27,0,1,,,,,,,
13,5,0,27,0,2,,,,,,,
13,6,2,26,0,0,,,,,,,
13,7,0,26,0,1,,,,,,,
13,8,0,26,0,2,,,,,,,
13,9,1.2,27,0,0,,,,,,,
13,10,0,27,0,1,,,,,,,
13,11,0,27,0,2,,,,,,,
13,12,2,26,0,0,,,,,,,
13,13,0,26,0,1,,,,,,,
13,14,0,26,0,2,,,,,,,
13,15,1.2,27,0,0,,,,,,,
13,16,0,27,0,1,,,,,,,
13,17,0,27,0,2,,,,,,,
13,0,0,26,3,0,,,,,,,
13,1,0,26,3,1,,,,,,,
13,2,0,26,3,2,,,,,,,
13,3,1.2,27,3,0,,,,,,,
13,4,0,27,3,1,,,,,,,
13,5,0,27,3,2,,,,,,,
13,6,2,26,3,0,,,,,,,
13,7,0,26,3,1,,,,,,,
13,8,0,26,3,2,,,,,,,
13,9,1.2,27,3,0,,,,,,,
13,10,0,27,3,1,,,,,,,
13,11,0,27,3,2,,,,,,,
13,12,2,26,3,0,,,,,,,
13,13,0,26,3,1,,,,,,,
13,14,0,26,3,2,,,,,,,
13,15,1.2,27,3,0,,,,,,,
13,16,0,27,3,1,,,,,,,
13,17,0,27,3,2,,,,,,,
14,0,0,24,1,0,,,,,,,
14,1,0,24,1,1,,,,,,,
14,2,0,24,1,2,,,,,,,
14,3,2,24,1,0,,,,,,,
14,4,0,24,1,1,,,,,,,
14,5,0,24,1,2,,,,,,,
14,6,2,26,1,0,,,,,,,
14,7,0,26,1,1,,,,,,,
14,8,0,26,1,2,,,,,,,
14,9,2,26,1,0,,,,,,,
14,10,0,26,1,1,,,,,,,
14,11,0,26,1,2,,,,,,,
14,12,5,27,1,1,,,,,,,
14,13,0,22,1,0,,,,,,,
14,14,0,27,1,2,,,,,,,
14,15,2,27,1,1,,,,,,,
14,16,0,28,1,0,,,,,,,
14,17,0,27,1,2,,,,,,,
14,18,2,27,1,1,,,,,,,
14,19,0,22,1,0,,,,,,,
14,20,0,27,1,2,,,,,,,
14,21,2,26,1,1,,,,,,,
14,22,0,28,1,0,,,,,,,
14,23,0,26,1,2,,,,,,,
14,24,2,26,1,1,,,,,,,
14,25,0,22,1,0,,,,,,,
14,26,0,26,1,2,,,,,,,
14,27,2,26,1,1,,,,,,,
14,0,6,24,2,0,,,,,,,
14,1,0,24,2,1,,,,,,,
14,2,0,24,2,2,,,,,,,
14,3,2,24,2,0,,,,,,,
14,4,0,24,2,1,,,,,,,
14,5,0,24,2,2,,,,,,,
14,6,2,26,2,0,,,,,,,
14,7,0,26,2,1,,,,,,,
14,8,0,26,2,2,,,,,,,
14,9,2,26,2,0,,,,,,,
14,10,0,26,2,1,,,,,,,
14,11,0,26,2,2,,,,,,,
14,12,5,27,2,1,,,,,,,
14,13,0,22,2,0,,,,,,,
14,14,0,27,2,2,,,,,,,
14,15,2,27,2,1,,,,,,,
14,16,0,28,2,0,,,,,,,
14,17,0,27,2,2,,,,,,,
14,18,2,27,2,1,,,,,,,
14,19,0,22,2,0,,,,,,,
14,20,0,27,2,2,,,,,,,
14,21,2,26,2,1,,,,,,,
14,22,0,28,2,0,,,,,,,
14,23,0,26,2,2,,,,,,,
14,24,2,26,2,1,,,,,,,
14,0,8,24,3,-1,,,,,,,
14,1,1.5,24,3,-1,,,,,,,
14,2,1.5,28,3,-1,,,,,,,
14,3,1.5,28,3,-1,,,,,,,
14,4,1.4,24,3,-1,,,,,,,
14,5,1.2,28,3,-1,,,,,,,
14,6,1.5,24,3,-1,,,,,,,
14,7,1.4,28,3,-1,,,,,,,
14,8,1.2,28,3,-1,,,,,,,
14,9,1,28,3,-1,,,,,,,
14,10,1.2,28,3,-1,,,,,,,
14,11,1.2,24,3,-1,,,,,,,
14,12,1.2,28,3,-1,,,,,,,
14,13,1.2,28,3,-1,,,,,,,
14,14,1.2,24,3,-1,,,,,,,
14,0,8,23,0,-1,,,,,,,
14,1,1.5,28,0,-1,,,,,,,
14,2,1.5,28,0,-1,,,,,,,
14,3,1.5,23,0,-1,,,,,,,
14,4,1.4,28,0,-1,,,,,,,
14,5,1.8,23,0,-1,,,,,,,
14,6,1.5,23,0,-1,,,,,,,
14,7,1.4,28,0,-1,,,,,,,
14,8,1.2,28,0,-1,,,,,,,
14,9,1.5,28,0,-1,,,,,,,
14,10,1.4,23,0,-1,,,,,,,
14,11,1.2,28,0,-1,,,,,,,
14,12,1.4,23,0,-1,,,,,,,
14,13,1.2,28,0,-1,,,,,,,
14,14,1.4,23,0,-1,,,,,,,
14,0,22,28,4,1,,,,,,,
14,1,1,28,4,2,,,,,,,
14,2,1.8,28,4,1,,,,,,,
14,3,1,28,4,2,,,,,,,
14,4,1.8,28,4,1,,,,,,,
14,5,1,28,4,2,,,,,,,
14,6,1.8,28,4,1,,,,,,,
14,7,1,28,4,2,,,,,,,
14,8,1.8,28,4,1,,,,,,,
14,9,1,28,4,2,,,,,,,
14,10,1.8,28,4,1,,,,,,,
14,11,1,28,4,2,,,,,,,
14,12,1.8,28,4,1,,,,,,,
14,13,1,28,4,2,,,,,,,
