wave,no,time,enemy_id,gate,lane,gold,health,time_auto_next_wave,time_show_button_next,tower_lock,rate_3_star,rate_2_star
0,0,0,28,1,0,2000,20,20,20,,18,10
0,1,0,28,1,1,,,,,,,
0,2,0,28,1,2,,,,,,,
0,3,1.2,31,1,0,,,,,,,
0,4,0,31,1,1,,,,,,,
0,5,0,31,1,2,,,,,,,
0,6,0.8,31,1,0,,,,,,,
0,7,0,31,1,1,,,,,,,
0,8,0,31,1,2,,,,,,,
0,9,2.5,28,1,0,,,,,,,
0,10,0,28,1,1,,,,,,,
0,11,0,28,1,2,,,,,,,
0,12,1.2,31,1,0,,,,,,,
0,13,0,31,1,1,,,,,,,
0,14,0,31,1,2,,,,,,,
0,15,0.8,31,1,0,,,,,,,
0,16,0,31,1,1,,,,,,,
0,17,0,31,1,2,,,,,,,
0,18,2.5,28,1,0,,,,,,,
0,19,0,28,1,1,,,,,,,
0,20,0,28,1,2,,,,,,,
0,21,1.2,31,1,0,,,,,,,
0,22,0,31,1,1,,,,,,,
0,23,0,31,1,2,,,,,,,
0,24,0.8,31,1,0,,,,,,,
0,25,0,31,1,1,,,,,,,
0,26,0,31,1,2,,,,,,,
0,27,2.5,28,1,0,,,,,,,
0,28,0,28,1,1,,,,,,,
0,29,0,28,1,2,,,,,,,
0,30,1.2,31,1,0,,,,,,,
0,31,0,31,1,1,,,,,,,
0,32,0,31,1,2,,,,,,,
0,33,0.8,31,1,0,,,,,,,
0,34,0,31,1,1,,,,,,,
0,35,0,31,1,2,,,,,,,
0,0,0,28,2,0,,,,,,,
0,1,0,28,2,1,,,,,,,
0,2,0,28,2,2,,,,,,,
0,3,1.2,31,2,0,,,,,,,
0,4,0,31,2,1,,,,,,,
0,5,0,31,2,2,,,,,,,
0,6,0.8,31,2,0,,,,,,,
0,7,0,31,2,1,,,,,,,
0,8,0,31,2,2,,,,,,,
0,9,2.5,28,2,0,,,,,,,
0,10,0,28,2,1,,,,,,,
0,11,0,28,2,2,,,,,,,
0,12,1.2,31,2,0,,,,,,,
0,13,0,31,2,1,,,,,,,
0,14,0,31,2,2,,,,,,,
0,15,0.8,31,2,0,,,,,,,
0,16,0,31,2,1,,,,,,,
0,17,0,31,2,2,,,,,,,
0,18,2.5,28,2,0,,,,,,,
0,19,0,28,2,1,,,,,,,
0,20,0,28,2,2,,,,,,,
0,21,1.2,31,2,0,,,,,,,
0,22,0,31,2,1,,,,,,,
0,23,0,31,2,2,,,,,,,
0,24,0.8,31,2,0,,,,,,,
0,25,0,31,2,1,,,,,,,
0,26,0,31,2,2,,,,,,,
0,27,2.5,28,2,0,,,,,,,
0,28,0,28,2,1,,,,,,,
0,29,0,28,2,2,,,,,,,
0,30,1.2,31,2,0,,,,,,,
0,31,0,31,2,1,,,,,,,
0,32,0,31,2,2,,,,,,,
0,33,0.8,31,2,0,,,,,,,
0,34,0,31,2,1,,,,,,,
0,35,0,31,2,2,,,,,,,
1,0,0,26,1,0,,,,,,,
1,1,0,26,1,1,,,,,,,
1,2,0,26,1,2,,,,,,,
1,3,1,0,1,0,,,,,,,
1,4,0,0,1,1,,,,,,,
1,5,0,0,1,2,,,,,,,
1,6,1,26,1,0,,,,,,,
1,7,0,26,1,1,,,,,,,
1,8,0,26,1,2,,,,,,,
1,9,1,0,1,0,,,,,,,
1,10,0,0,1,1,,,,,,,
1,11,0,0,1,2,,,,,,,
1,12,1,26,1,0,,,,,,,
1,13,0,26,1,1,,,,,,,
1,14,0,26,1,2,,,,,,,
1,15,1,0,1,0,,,,,,,
1,16,0,0,1,1,,,,,,,
1,17,0,0,1,2,,,,,,,
1,18,1,26,1,0,,,,,,,
1,19,0,26,1,1,,,,,,,
1,20,0,26,1,2,,,,,,,
1,21,1,0,1,0,,,,,,,
1,22,0,0,1,1,,,,,,,
1,23,0,0,1,2,,,,,,,
1,30,5,24,1,0,,,,,,,
1,31,0,24,1,1,,,,,,,
1,32,0,24,1,2,,,,,,,
1,33,2,24,1,0,,,,,,,
1,34,0,24,1,1,,,,,,,
1,35,0,24,1,2,,,,,,,
1,0,0,27,2,0,,,,,,,
1,1,0,27,2,1,,,,,,,
1,2,0,27,2,2,,,,,,,
1,3,1,1,2,0,,,,,,,
1,4,0,1,2,1,,,,,,,
1,5,0,1,2,2,,,,,,,
1,6,1,27,2,0,,,,,,,
1,7,0,27,2,1,,,,,,,
1,8,0,27,2,2,,,,,,,
1,9,1,1,2,0,,,,,,,
1,10,0,1,2,1,,,,,,,
1,11,0,1,2,2,,,,,,,
1,12,1,27,2,0,,,,,,,
1,13,0,27,2,1,,,,,,,
1,14,0,27,2,2,,,,,,,
1,15,1,1,2,0,,,,,,,
1,16,0,1,2,1,,,,,,,
1,17,0,1,2,2,,,,,,,
1,18,1,27,2,0,,,,,,,
1,19,0,27,2,1,,,,,,,
1,20,0,27,2,2,,,,,,,
1,21,1,1,2,0,,,,,,,
1,22,0,1,2,1,,,,,,,
1,23,0,1,2,2,,,,,,,
1,30,5,23,2,0,,,,,,,
1,31,0,23,2,1,,,,,,,
1,32,0,23,2,2,,,,,,,
1,33,2,23,2,0,,,,,,,
1,34,0,23,2,1,,,,,,,
1,35,0,23,2,2,,,,,,,
2,0,0,24,1,1,,,,,,,
2,1,2,27,1,2,,,,,,,
2,2,2,24,1,1,,,,,,,
2,3,2,27,1,2,,,,,,,
2,4,2,24,1,1,,,,,,,
2,5,2,27,1,2,,,,,,,
2,6,2,24,1,1,,,,,,,
2,7,2,27,1,2,,,,,,,
2,8,2,24,1,1,,,,,,,
2,9,2,27,1,2,,,,,,,
2,10,2,24,1,1,,,,,,,
2,11,2,27,1,2,,,,,,,
2,12,2,24,1,1,,,,,,,
2,13,2,27,1,2,,,,,,,
2,14,2,24,1,1,,,,,,,
2,15,2,27,1,2,,,,,,,
2,16,2,24,1,1,,,,,,,
2,17,2,27,1,2,,,,,,,
2,0,0,23,2,1,,,,,,,
2,1,2,26,2,2,,,,,,,
2,2,2,23,2,1,,,,,,,
2,3,2,26,2,2,,,,,,,
2,4,2,23,2,1,,,,,,,
2,5,2,26,2,2,,,,,,,
2,6,2,23,2,1,,,,,,,
2,7,2,26,2,2,,,,,,,
2,8,2,23,2,1,,,,,,,
2,9,2,26,2,2,,,,,,,
2,10,2,23,2,1,,,,,,,
2,11,2,26,2,2,,,,,,,
2,12,2,23,2,1,,,,,,,
2,13,2,26,2,2,,,,,,,
2,14,2,23,2,1,,,,,,,
2,15,2,26,2,2,,,,,,,
2,16,2,23,2,1,,,,,,,
2,17,2,26,2,2,,,,,,,
2,0,10,32,3,-1,,,,,,,
2,1,1.8,32,3,-1,,,,,,,
2,2,1.8,32,3,-1,,,,,,,
2,3,2,14,3,-1,,,,,,,
2,4,3,14,3,-1,,,,,,,
2,5,2,32,3,-1,,,,,,,
2,6,1.8,32,3,-1,,,,,,,
2,7,2,14,3,-1,,,,,,,
2,8,1.8,32,3,-1,,,,,,,
2,9,2,14,3,-1,,,,,,,
2,10,1.8,32,3,-1,,,,,,,
2,11,2,14,3,-1,,,,,,,
3,0,0,26,0,0,,,,,,,
3,1,0,26,0,1,,,,,,,
3,2,3,26,0,0,,,,,,,
3,3,0,26,0,2,,,,,,,
3,4,3,26,0,0,,,,,,,
3,5,0,26,0,1,,,,,,,
3,6,3,26,0,0,,,,,,,
3,7,0,26,0,2,,,,,,,
3,8,3,26,0,0,,,,,,,
3,9,0,26,0,1,,,,,,,
3,10,3,26,0,0,,,,,,,
3,11,0,26,0,2,,,,,,,
3,0,5,26,2,0,,,,,,,
3,1,0,26,2,1,,,,,,,
3,2,2,26,2,0,,,,,,,
3,3,0,26,2,2,,,,,,,
3,4,2,32,2,0,,,,,,,
3,5,0,32,2,1,,,,,,,
3,6,0,32,2,2,,,,,,,
3,7,3,26,2,0,,,,,,,
3,8,0,26,2,1,,,,,,,
3,9,2,26,2,0,,,,,,,
3,10,0,26,2,2,,,,,,,
3,11,2,32,2,0,,,,,,,
3,12,0,32,2,1,,,,,,,
3,13,0,32,2,2,,,,,,,
3,14,3,26,2,0,,,,,,,
3,15,0,26,2,1,,,,,,,
3,16,2,26,2,0,,,,,,,
3,17,0,26,2,2,,,,,,,
3,0,12,27,1,0,,,,,,,
3,1,0,27,1,1,,,,,,,
3,2,2,27,1,0,,,,,,,
3,3,0,27,1,2,,,,,,,
3,4,2,32,1,0,,,,,,,
3,5,0,32,1,1,,,,,,,
3,6,0,32,1,2,,,,,,,
3,7,3,27,1,0,,,,,,,
3,8,0,27,1,1,,,,,,,
3,9,2,27,1,0,,,,,,,
3,10,0,27,1,2,,,,,,,
3,11,2,32,1,0,,,,,,,
3,12,0,32,1,1,,,,,,,
3,13,0,32,1,2,,,,,,,
3,14,3,27,1,0,,,,,,,
3,15,0,27,1,1,,,,,,,
3,16,2,27,1,0,,,,,,,
3,17,0,27,1,2,,,,,,,
4,0,0,32,1,1,,,,,,,
4,1,0,32,1,2,,,,,,,
4,2,1,29,1,0,,,,,,,
4,3,1,32,1,1,,,,,,,
4,4,0,32,1,2,,,,,,,
4,5,1,29,1,0,,,,,,,
4,6,1,32,1,1,,,,,,,
4,7,0,32,1,2,,,,,,,
4,8,1,29,1,0,,,,,,,
4,9,8,32,1,1,,,,,,,
4,10,0,32,1,2,,,,,,,
4,11,1,29,1,0,,,,,,,
4,12,2,32,1,1,,,,,,,
4,13,0,32,1,2,,,,,,,
4,14,1,29,1,0,,,,,,,
4,0,0,32,2,1,,,,,,,
4,1,0,32,2,2,,,,,,,
4,2,1,29,2,0,,,,,,,
4,3,1,32,2,1,,,,,,,
4,4,0,32,2,2,,,,,,,
4,5,1,29,2,0,,,,,,,
4,6,1,32,2,1,,,,,,,
4,7,0,32,2,2,,,,,,,
4,8,1,29,2,0,,,,,,,
4,9,8,32,2,1,,,,,,,
4,10,0,32,2,2,,,,,,,
4,11,1,29,2,0,,,,,,,
4,12,2,32,2,1,,,,,,,
4,13,0,32,2,2,,,,,,,
4,14,1,14,2,0,,,,,,,
4,0,12,26,3,1,,,,,,,
4,1,0,26,3,2,,,,,,,
4,2,1,28,3,0,,,,,,,
4,2,2.5,26,3,1,,,,,,,
4,3,0,26,3,2,,,,,,,
4,4,1,28,3,0,,,,,,,
4,5,2.5,26,3,1,,,,,,,
4,6,0,26,3,2,,,,,,,
4,7,1,28,3,0,,,,,,,
4,8,2.5,26,3,1,,,,,,,
4,9,0,26,3,2,,,,,,,
4,10,1,28,3,0,,,,,,,
4,11,2.5,26,3,1,,,,,,,
4,12,0,26,3,2,,,,,,,
4,13,1,28,3,0,,,,,,,
4,0,20,27,0,1,,,,,,,
4,1,0,27,0,2,,,,,,,
4,2,1,28,0,0,,,,,,,
4,2,2.5,27,0,1,,,,,,,
4,3,0,27,0,2,,,,,,,
4,4,1,28,0,0,,,,,,,
4,5,2.5,27,0,1,,,,,,,
4,6,0,27,0,2,,,,,,,
4,7,1,28,0,0,,,,,,,
4,8,2.5,27,0,1,,,,,,,
4,9,0,27,0,2,,,,,,,
4,10,1,28,0,0,,,,,,,
4,11,2.5,27,0,1,,,,,,,
4,12,0,27,0,2,,,,,,,
4,13,1,28,0,0,,,,,,,
5,0,0,26,1,1,,,,,,,
5,1,0,26,1,2,,,,,,,
5,2,2.5,28,1,0,,,,,,,
5,3,3,26,1,1,,,,,,,
5,4,0,26,1,2,,,,,,,
5,5,2.5,28,1,0,,,,,,,
5,6,3,26,1,1,,,,,,,
5,7,0,26,1,2,,,,,,,
5,8,2.5,28,1,0,,,,,,,
5,9,3,26,1,1,,,,,,,
5,10,0,26,1,2,,,,,,,
5,11,2.5,28,1,0,,,,,,,
5,12,3,26,1,1,,,,,,,
5,13,0,26,1,2,,,,,,,
5,14,2.5,28,1,0,,,,,,,
5,0,0,27,2,1,,,,,,,
5,1,0,27,2,2,,,,,,,
5,2,2.5,28,2,0,,,,,,,
5,3,3,27,2,1,,,,,,,
5,4,0,27,2,2,,,,,,,
5,5,2.5,28,2,0,,,,,,,
5,6,3,27,2,1,,,,,,,
5,7,0,27,2,2,,,,,,,
5,8,2.5,28,2,0,,,,,,,
5,9,3,27,2,1,,,,,,,
5,10,0,27,2,2,,,,,,,
5,11,2.5,28,2,0,,,,,,,
5,12,3,27,2,1,,,,,,,
5,13,0,27,2,2,,,,,,,
5,14,2.5,28,2,0,,,,,,,
5,0,8,32,3,-1,,,,,,,
5,1,2,32,3,-1,,,,,,,
5,2,2,23,3,-1,,,,,,,
5,3,2,32,3,-1,,,,,,,
5,4,2,23,3,-1,,,,,,,
5,5,2,23,3,-1,,,,,,,
5,6,2,32,3,-1,,,,,,,
5,7,2,23,3,-1,,,,,,,
5,8,2,32,3,-1,,,,,,,
5,9,2,23,3,-1,,,,,,,
5,10,2,32,3,-1,,,,,,,
5,11,2,23,3,-1,,,,,,,
5,12,2,32,3,-1,,,,,,,
5,0,12,32,0,-1,,,,,,,
5,1,2,32,0,-1,,,,,,,
5,2,2,28,0,-1,,,,,,,
5,3,2,32,0,-1,,,,,,,
5,4,2,28,0,-1,,,,,,,
5,5,2,28,0,-1,,,,,,,
5,6,2,32,0,-1,,,,,,,
5,7,2,28,0,-1,,,,,,,
5,8,2,32,0,-1,,,,,,,
5,9,2,28,0,-1,,,,,,,
5,10,2,32,0,-1,,,,,,,
5,11,2,28,0,-1,,,,,,,
5,12,2,32,0,-1,,,,,,,
6,0,0,28,1,0,,,,,,,
6,1,0,28,1,1,,,,,,,
6,2,0,28,1,2,,,,,,,
6,3,1.2,32,1,0,,,,,,,
6,4,0,32,1,1,,,,,,,
6,5,0,32,1,2,,,,,,,
6,6,0.8,32,1,0,,,,,,,
6,7,0,32,1,1,,,,,,,
6,8,0,32,1,2,,,,,,,
6,9,2.5,28,1,0,,,,,,,
6,10,0,28,1,1,,,,,,,
6,11,0,28,1,2,,,,,,,
6,12,1.2,32,1,0,,,,,,,
6,13,0,32,1,1,,,,,,,
6,14,0,32,1,2,,,,,,,
6,15,0.8,32,1,0,,,,,,,
6,16,0,32,1,1,,,,,,,
6,17,0,32,1,2,,,,,,,
6,18,2.5,28,1,0,,,,,,,
6,19,0,28,1,1,,,,,,,
6,20,0,28,1,2,,,,,,,
6,21,1.2,32,1,0,,,,,,,
6,22,0,32,1,1,,,,,,,
6,23,0,32,1,2,,,,,,,
6,24,0.8,32,1,0,,,,,,,
6,25,0,32,1,1,,,,,,,
6,26,0,32,1,2,,,,,,,
6,0,0,28,2,0,,,,,,,
6,1,0,28,2,1,,,,,,,
6,2,0,28,2,2,,,,,,,
6,3,1.2,32,2,0,,,,,,,
6,4,0,32,2,1,,,,,,,
6,5,0,32,2,2,,,,,,,
6,6,0.8,32,2,0,,,,,,,
6,7,0,32,2,1,,,,,,,
6,8,0,32,2,2,,,,,,,
6,9,2.5,28,2,0,,,,,,,
6,10,0,28,2,1,,,,,,,
6,11,0,28,2,2,,,,,,,
6,12,1.2,32,2,0,,,,,,,
6,13,0,32,2,1,,,,,,,
6,14,0,32,2,2,,,,,,,
6,15,0.8,32,2,0,,,,,,,
6,16,0,32,2,1,,,,,,,
6,17,0,32,2,2,,,,,,,
6,18,2.5,28,2,0,,,,,,,
6,19,0,28,2,1,,,,,,,
6,20,0,28,2,2,,,,,,,
6,21,1.2,32,2,0,,,,,,,
6,22,0,32,2,1,,,,,,,
6,23,0,32,2,2,,,,,,,
6,24,0.8,32,2,0,,,,,,,
6,25,0,32,2,1,,,,,,,
6,26,0,32,2,2,,,,,,,
7,0,0,24,2,0,,,,,,,
7,1,0,24,2,1,,,,,,,
7,2,0,24,2,2,,,,,,,
7,3,2.5,24,2,0,,,,,,,
7,4,0,24,2,1,,,,,,,
7,5,0,24,2,2,,,,,,,
7,6,2,28,2,0,,,,,,,
7,7,0,28,2,1,,,,,,,
7,8,0,28,2,2,,,,,,,
7,9,2.5,29,2,0,,,,,,,
7,10,0,29,2,1,,,,,,,
7,11,0,29,2,2,,,,,,,
7,12,2.5,24,2,0,,,,,,,
7,13,0,24,2,1,,,,,,,
7,14,0,24,2,2,,,,,,,
7,15,2.5,24,2,0,,,,,,,
7,16,0,24,2,1,,,,,,,
7,17,0,24,2,2,,,,,,,
7,18,2,28,2,0,,,,,,,
7,19,0,28,2,1,,,,,,,
7,20,0,28,2,2,,,,,,,
7,21,2.5,29,2,0,,,,,,,
7,22,0,29,2,1,,,,,,,
7,23,0,29,2,2,,,,,,,
7,24,2.5,24,2,0,,,,,,,
7,25,0,24,2,1,,,,,,,
7,26,0,24,2,2,,,,,,,
7,0,0,32,0,-1,,,,,,,
7,1,2,32,0,-1,,,,,,,
7,2,2,23,0,-1,,,,,,,
7,3,2,32,0,-1,,,,,,,
7,4,2,23,0,-1,,,,,,,
7,5,2,32,0,-1,,,,,,,
7,6,2,32,0,-1,,,,,,,
7,7,2,23,0,-1,,,,,,,
7,8,2,32,0,-1,,,,,,,
7,9,2,23,0,-1,,,,,,,
7,10,2,23,0,-1,,,,,,,
7,11,2,32,0,-1,,,,,,,
7,12,2,23,0,-1,,,,,,,
7,0,10,24,3,1,,,,,,,
7,1,0,23,3,2,,,,,,,
7,2,1.5,27,3,0,,,,,,,
7,3,2,24,3,1,,,,,,,
7,4,0,23,3,2,,,,,,,
7,5,1.5,27,3,0,,,,,,,
7,6,2,24,3,1,,,,,,,
7,7,0,23,3,2,,,,,,,
7,8,1.5,27,3,0,,,,,,,
7,9,2,24,3,1,,,,,,,
7,10,0,23,3,2,,,,,,,
7,11,1.5,27,3,0,,,,,,,
7,12,2,24,3,1,,,,,,,
7,13,0,23,3,2,,,,,,,
7,14,1.5,27,3,0,,,,,,,
7,15,2,24,3,1,,,,,,,
7,16,0,23,3,2,,,,,,,
7,17,1.5,27,3,0,,,,,,,
8,0,0,23,1,0,,,,,,,
8,1,0,23,1,1,,,,,,,
8,2,0,23,1,2,,,,,,,
8,3,2.5,23,1,0,,,,,,,
8,4,0,23,1,1,,,,,,,
8,5,0,23,1,2,,,,,,,
8,6,2,28,1,0,,,,,,,
8,7,0,28,1,1,,,,,,,
8,8,0,28,1,2,,,,,,,
8,9,2.5,29,1,0,,,,,,,
8,10,0,29,1,1,,,,,,,
8,11,0,29,1,2,,,,,,,
8,12,2.5,23,1,0,,,,,,,
8,13,0,23,1,1,,,,,,,
8,14,0,23,1,2,,,,,,,
8,15,2.5,23,1,0,,,,,,,
8,16,0,23,1,1,,,,,,,
8,17,0,23,1,2,,,,,,,
8,18,2,28,1,0,,,,,,,
8,19,0,28,1,1,,,,,,,
8,20,0,28,1,2,,,,,,,
8,21,2.5,29,1,0,,,,,,,
8,22,0,29,1,1,,,,,,,
8,23,0,29,1,2,,,,,,,
8,24,2.5,23,1,0,,,,,,,
8,25,0,23,1,1,,,,,,,
8,26,0,23,1,2,,,,,,,
8,27,2,28,1,0,,,,,,,
8,28,0,28,1,1,,,,,,,
8,29,0,28,1,2,,,,,,,
8,30,2.5,29,1,0,,,,,,,
8,31,0,29,1,1,,,,,,,
8,32,0,29,1,2,,,,,,,
8,33,2.5,23,1,0,,,,,,,
8,34,0,23,1,1,,,,,,,
8,35,0,23,1,2,,,,,,,
8,0,5,28,3,0,,,,,,,
8,1,0,28,3,1,,,,,,,
8,2,0,28,3,2,,,,,,,
8,3,1,31,3,0,,,,,,,
8,4,0,31,3,1,,,,,,,
8,5,0,31,3,2,,,,,,,
8,6,0.8,31,3,0,,,,,,,
8,7,0,31,3,1,,,,,,,
8,8,0,31,3,2,,,,,,,
8,9,4,28,3,0,,,,,,,
8,10,0,28,3,1,,,,,,,
8,11,0,28,3,2,,,,,,,
8,12,1,31,3,0,,,,,,,
8,13,0,31,3,1,,,,,,,
8,14,0,31,3,2,,,,,,,
8,15,0.8,31,3,0,,,,,,,
8,16,0,31,3,1,,,,,,,
8,17,0,31,3,2,,,,,,,
8,18,4,28,3,0,,,,,,,
8,19,0,28,3,1,,,,,,,
8,20,0,28,3,2,,,,,,,
8,0,12,29,0,1,,,,,,,
8,1,0,32,0,2,,,,,,,
8,2,1.5,27,0,0,,,,,,,
8,3,2,29,0,1,,,,,,,
8,4,0,32,0,2,,,,,,,
8,5,1.5,27,0,0,,,,,,,
8,6,2,29,0,1,,,,,,,
8,7,0,32,0,2,,,,,,,
8,8,1.5,27,0,0,,,,,,,
8,9,2,29,0,1,,,,,,,
8,10,0,32,0,2,,,,,,,
8,11,1.5,27,0,0,,,,,,,
8,12,2,29,0,1,,,,,,,
8,13,0,32,0,2,,,,,,,
9,0,0,29,1,-1,,,,,,,
9,1,1.8,24,1,-1,,,,,,,
9,2,1.8,29,1,-1,,,,,,,
9,3,1.8,24,1,-1,,,,,,,
9,4,1.8,29,1,-1,,,,,,,
9,5,1.8,24,1,-1,,,,,,,
9,6,1.8,29,1,-1,,,,,,,
9,7,1.8,24,1,-1,,,,,,,
9,8,1.8,29,1,-1,,,,,,,
9,9,1.8,24,1,-1,,,,,,,
9,10,1.8,29,1,-1,,,,,,,
9,11,1.8,24,1,-1,,,,,,,
9,12,1.8,29,1,-1,,,,,,,
9,13,1.8,24,1,-1,,,,,,,
9,14,1.8,29,1,-1,,,,,,,
9,15,1.8,24,1,-1,,,,,,,
9,16,1.8,29,1,-1,,,,,,,
9,17,1.8,24,1,-1,,,,,,,
9,18,1.8,29,1,-1,,,,,,,
9,19,1.8,24,1,-1,,,,,,,
9,0,0,23,2,-1,,,,,,,
9,1,1.8,29,2,-1,,,,,,,
9,2,1.8,23,2,-1,,,,,,,
9,3,1.8,29,2,-1,,,,,,,
9,4,1.8,23,2,-1,,,,,,,
9,5,1.8,29,2,-1,,,,,,,
9,6,1.8,23,2,-1,,,,,,,
9,7,1.8,29,2,-1,,,,,,,
9,8,1.8,23,2,-1,,,,,,,
9,9,1.8,29,2,-1,,,,,,,
9,10,1.8,23,2,-1,,,,,,,
9,11,1.8,29,2,-1,,,,,,,
9,12,1.8,23,2,-1,,,,,,,
9,13,1.8,29,2,-1,,,,,,,
9,14,1.8,23,2,-1,,,,,,,
9,15,1.8,29,2,-1,,,,,,,
9,16,1.8,23,2,-1,,,,,,,
9,17,1.8,29,2,-1,,,,,,,
9,18,1.8,23,2,-1,,,,,,,
9,19,1.8,29,2,-1,,,,,,,
9,0,10,28,0,0,,,,,,,
9,1,0,28,0,1,,,,,,,
9,2,2,29,0,2,,,,,,,
9,3,0,29,0,0,,,,,,,
9,4,2,28,0,0,,,,,,,
9,5,0,28,0,1,,,,,,,
9,6,2,29,0,2,,,,,,,
9,7,0,29,0,0,,,,,,,
9,8,2,28,0,0,,,,,,,
9,9,0,28,0,1,,,,,,,
9,10,2,29,0,2,,,,,,,
9,11,0,29,0,0,,,,,,,
9,12,2,28,0,0,,,,,,,
9,13,0,28,0,1,,,,,,,
9,14,2,29,0,2,,,,,,,
9,15,0,29,0,0,,,,,,,
9,0,10,28,3,1,,,,,,,
9,1,0,23,3,2,,,,,,,
9,2,2.3,28,3,1,,,,,,,
9,3,0,23,3,2,,,,,,,
9,4,2.3,28,3,1,,,,,,,
9,5,0,23,3,2,,,,,,,
9,6,2.3,28,3,1,,,,,,,
9,7,0,23,3,2,,,,,,,
9,8,2.3,28,3,1,,,,,,,
9,9,0,23,3,2,,,,,,,
9,10,2.3,28,3,1,,,,,,,
9,11,0,23,3,2,,,,,,,
9,12,2.3,28,3,1,,,,,,,
9,13,0,23,3,2,,,,,,,
9,14,2.3,28,3,1,,,,,,,
9,15,0,23,3,2,,,,,,,
10,0,0,29,0,-1,,,,,,,
10,1,1.8,24,0,-1,,,,,,,
10,2,1.8,29,0,-1,,,,,,,
10,3,1.8,24,0,-1,,,,,,,
10,4,1.8,29,0,-1,,,,,,,
10,5,1.8,24,0,-1,,,,,,,
10,6,1.8,29,0,-1,,,,,,,
10,7,1.8,24,0,-1,,,,,,,
10,8,1.8,29,0,-1,,,,,,,
10,9,1.8,24,0,-1,,,,,,,
10,10,1.8,29,0,-1,,,,,,,
10,11,1.8,24,0,-1,,,,,,,
10,12,1.8,29,0,-1,,,,,,,
10,13,1.8,24,0,-1,,,,,,,
10,0,0,23,3,-1,,,,,,,
10,1,1.8,29,3,-1,,,,,,,
10,2,1.8,23,3,-1,,,,,,,
10,3,1.8,29,3,-1,,,,,,,
10,4,1.8,23,3,-1,,,,,,,
10,5,1.8,29,3,-1,,,,,,,
10,6,1.8,23,3,-1,,,,,,,
10,7,1.8,29,3,-1,,,,,,,
10,8,1.8,23,3,-1,,,,,,,
10,9,1.8,29,3,-1,,,,,,,
10,10,1.8,23,3,-1,,,,,,,
10,11,1.8,29,3,-1,,,,,,,
10,12,1.8,23,3,-1,,,,,,,
10,13,1.8,29,3,-1,,,,,,,
10,0,8,26,1,1,,,,,,,
10,1,0,26,1,2,,,,,,,
10,2,2.5,26,1,1,,,,,,,
10,3,0,26,1,2,,,,,,,
10,4,2.5,26,1,1,,,,,,,
10,5,0,26,1,2,,,,,,,
10,6,2.5,26,1,1,,,,,,,
10,7,0,26,1,2,,,,,,,
10,8,2.5,26,1,1,,,,,,,
10,9,0,26,1,2,,,,,,,
10,10,2.5,27,1,1,,,,,,,
10,11,0,27,1,2,,,,,,,
10,12,2.5,27,1,1,,,,,,,
10,13,0,27,1,2,,,,,,,
10,14,2.5,27,1,1,,,,,,,
10,15,0,27,1,2,,,,,,,
10,16,2.5,27,1,1,,,,,,,
10,17,0,27,1,2,,,,,,,
10,0,8,27,2,1,,,,,,,
10,1,0,27,2,2,,,,,,,
10,2,2.5,27,2,1,,,,,,,
10,3,0,27,2,2,,,,,,,
10,4,2.5,27,2,1,,,,,,,
10,5,0,27,2,2,,,,,,,
10,6,2.5,27,2,1,,,,,,,
10,7,0,27,2,2,,,,,,,
10,8,2.5,27,2,1,,,,,,,
10,9,0,27,2,2,,,,,,,
10,10,2.5,26,2,1,,,,,,,
10,11,0,26,2,2,,,,,,,
10,12,2.5,26,2,1,,,,,,,
10,13,0,26,2,2,,,,,,,
10,14,2.5,26,2,1,,,,,,,
10,15,0,26,2,2,,,,,,,
10,16,2.5,26,2,1,,,,,,,
10,17,0,26,2,2,,,,,,,
11,0,0,23,1,0,,,,,,,
11,1,0,23,1,1,,,,,,,
11,2,0,23,1,2,,,,,,,
11,3,2.5,23,1,0,,,,,,,
11,4,0,23,1,1,,,,,,,
11,5,0,23,1,2,,,,,,,
11,6,2,28,1,0,,,,,,,
11,7,0,28,1,1,,,,,,,
11,8,0,28,1,2,,,,,,,
11,9,2.5,29,1,0,,,,,,,
11,10,0,29,1,1,,,,,,,
11,11,0,29,1,2,,,,,,,
11,12,2.5,23,1,0,,,,,,,
11,13,0,23,1,1,,,,,,,
11,14,0,23,1,2,,,,,,,
11,15,2.5,23,1,0,,,,,,,
11,16,0,23,1,1,,,,,,,
11,17,0,23,1,2,,,,,,,
11,18,2,28,1,0,,,,,,,
11,19,0,28,1,1,,,,,,,
11,20,0,28,1,2,,,,,,,
11,21,2.5,29,1,0,,,,,,,
11,22,0,29,1,1,,,,,,,
11,23,0,29,1,2,,,,,,,
11,24,2.5,23,1,0,,,,,,,
11,25,0,23,1,1,,,,,,,
11,26,0,23,1,2,,,,,,,
11,27,2,28,1,0,,,,,,,
11,28,0,28,1,1,,,,,,,
11,29,0,28,1,2,,,,,,,
11,0,5,28,3,0,,,,,,,
11,1,0,28,3,1,,,,,,,
11,2,0,28,3,2,,,,,,,
11,3,1,32,3,0,,,,,,,
11,4,0,32,3,1,,,,,,,
11,5,0,32,3,2,,,,,,,
11,6,0.8,32,3,0,,,,,,,
11,7,0,32,3,1,,,,,,,
11,8,0,32,3,2,,,,,,,
11,9,8,28,3,0,,,,,,,
11,10,0,28,3,1,,,,,,,
11,11,0,28,3,2,,,,,,,
11,12,1,32,3,0,,,,,,,
11,13,0,32,3,1,,,,,,,
11,14,0,32,3,2,,,,,,,
11,15,0.8,32,3,0,,,,,,,
11,16,0,32,3,1,,,,,,,
11,17,0,32,3,2,,,,,,,
11,18,8,28,3,0,,,,,,,
11,19,0,28,3,1,,,,,,,
11,20,0,28,3,2,,,,,,,
11,0,12,27,0,1,,,,,,,
11,1,0,32,0,2,,,,,,,
11,2,1.5,27,0,0,,,,,,,
11,3,2,27,0,1,,,,,,,
11,4,0,32,0,2,,,,,,,
11,5,1.5,27,0,0,,,,,,,
11,6,2,27,0,1,,,,,,,
11,7,0,32,0,2,,,,,,,
11,8,1.5,27,0,0,,,,,,,
11,9,2,27,0,1,,,,,,,
11,10,0,32,0,2,,,,,,,
11,11,1.5,27,0,0,,,,,,,
11,12,2,27,0,1,,,,,,,
11,13,0,32,0,2,,,,,,,
11,14,1.5,27,0,0,,,,,,,
11,15,2,27,0,1,,,,,,,
11,16,0,32,0,2,,,,,,,
11,17,1.5,27,0,0,,,,,,,
11,18,1,28,0,-1,,,,,,,
11,19,1,28,0,-1,,,,,,,
11,20,1,28,0,-1,,,,,,,
11,21,1,28,0,-1,,,,,,,
12,0,0,32,2,0,,,,,,,
12,1,0,32,2,1,,,,,,,
12,2,0,32,2,2,,,,,,,
12,3,2.5,32,2,0,,,,,,,
12,4,0,32,2,1,,,,,,,
12,5,0,32,2,2,,,,,,,
12,6,2,28,2,0,,,,,,,
12,7,0,28,2,1,,,,,,,
12,8,0,28,2,2,,,,,,,
12,9,2.5,29,2,0,,,,,,,
12,10,0,29,2,1,,,,,,,
12,11,0,29,2,2,,,,,,,
12,12,2.5,32,2,0,,,,,,,
12,13,0,32,2,1,,,,,,,
12,14,0,32,2,2,,,,,,,
12,15,2.5,32,2,0,,,,,,,
12,16,0,32,2,1,,,,,,,
12,17,0,32,2,2,,,,,,,
12,18,2,28,2,0,,,,,,,
12,19,0,28,2,1,,,,,,,
12,20,0,28,2,2,,,,,,,
12,21,2.5,29,2,0,,,,,,,
12,22,0,29,2,1,,,,,,,
12,23,0,29,2,2,,,,,,,
12,24,2.5,32,2,0,,,,,,,
12,25,0,32,2,1,,,,,,,
12,26,0,32,2,2,,,,,,,
12,27,2,28,2,0,,,,,,,
12,28,0,28,2,1,,,,,,,
12,29,0,28,2,2,,,,,,,
12,0,0,32,0,-1,,,,,,,
12,1,2,32,0,-1,,,,,,,
12,2,2,28,0,-1,,,,,,,
12,3,2,32,0,-1,,,,,,,
12,4,2,28,0,-1,,,,,,,
12,5,2,32,0,-1,,,,,,,
12,6,2,32,0,-1,,,,,,,
12,7,2,28,0,-1,,,,,,,
12,8,2,32,0,-1,,,,,,,
12,9,2,28,0,-1,,,,,,,
12,10,2,28,0,-1,,,,,,,
12,11,2,32,0,-1,,,,,,,
12,12,2,28,0,-1,,,,,,,
12,13,1,27,0,-1,,,,,,,
12,14,1,27,0,-1,,,,,,,
12,15,1,27,0,-1,,,,,,,
12,16,1,27,0,-1,,,,,,,
12,17,1,27,0,-1,,,,,,,
12,18,1,27,0,-1,,,,,,,
12,19,1,27,0,-1,,,,,,,
12,20,1,27,0,-1,,,,,,,
12,0,10,26,3,1,,,,,,,
12,1,0,23,3,2,,,,,,,
12,2,1.5,27,3,0,,,,,,,
12,3,2,26,3,1,,,,,,,
12,4,0,23,3,2,,,,,,,
12,5,1.5,27,3,0,,,,,,,
12,6,2,26,3,1,,,,,,,
12,7,0,23,3,2,,,,,,,
12,8,1.5,27,3,0,,,,,,,
12,9,2,26,3,1,,,,,,,
12,10,0,23,3,2,,,,,,,
12,11,1.5,27,3,0,,,,,,,
12,12,2,26,3,1,,,,,,,
12,13,0,23,3,2,,,,,,,
12,14,1.5,27,3,0,,,,,,,
12,15,2,26,3,1,,,,,,,
12,16,0,23,3,2,,,,,,,
12,17,1.5,27,3,0,,,,,,,
12,18,1.8,29,3,-1,,,,,,,
12,19,1.8,29,3,-1,,,,,,,
12,20,1.8,29,3,-1,,,,,,,
12,21,1.8,29,3,-1,,,,,,,
12,22,1.8,29,3,-1,,,,,,,
12,23,1.8,29,3,-1,,,,,,,
13,0,0,28,1,0,,,,,,,
13,1,0,28,1,1,,,,,,,
13,2,0,28,1,2,,,,,,,
13,3,1,32,1,0,,,,,,,
13,4,0,32,1,1,,,,,,,
13,5,0,32,1,2,,,,,,,
13,6,0.8,32,1,0,,,,,,,
13,7,0,32,1,1,,,,,,,
13,8,0,32,1,2,,,,,,,
13,9,7,28,1,0,,,,,,,
13,10,0,28,1,1,,,,,,,
13,11,0,28,1,2,,,,,,,
13,12,1,32,1,0,,,,,,,
13,13,0,32,1,1,,,,,,,
13,14,0,32,1,2,,,,,,,
13,15,0.8,32,1,0,,,,,,,
13,16,0,32,1,1,,,,,,,
13,17,0,32,1,2,,,,,,,
13,18,7,28,1,0,,,,,,,
13,19,0,28,1,1,,,,,,,
13,20,0,28,1,2,,,,,,,
13,21,1,32,1,0,,,,,,,
13,22,0,32,1,1,,,,,,,
13,23,0,32,1,2,,,,,,,
13,0,5,28,2,0,,,,,,,
13,1,0,28,2,1,,,,,,,
13,2,0,28,2,2,,,,,,,
13,3,1,32,2,0,,,,,,,
13,4,0,32,2,1,,,,,,,
13,5,0,32,2,2,,,,,,,
13,6,0.8,32,2,0,,,,,,,
13,7,0,32,2,1,,,,,,,
13,8,0,32,2,2,,,,,,,
13,9,6,28,2,0,,,,,,,
13,10,0,28,2,1,,,,,,,
13,11,0,28,2,2,,,,,,,
13,12,1,32,2,0,,,,,,,
13,13,0,32,2,1,,,,,,,
13,14,0,32,2,2,,,,,,,
13,15,0.8,32,2,0,,,,,,,
13,16,0,32,2,1,,,,,,,
13,17,0,32,2,2,,,,,,,
13,18,6,28,2,0,,,,,,,
13,19,0,28,2,1,,,,,,,
13,20,0,28,2,2,,,,,,,
13,21,1,32,2,0,,,,,,,
13,22,0,32,2,1,,,,,,,
13,23,0,32,2,2,,,,,,,
13,0,8,23,0,1,,,,,,,
13,1,1.5,27,0,2,,,,,,,
13,2,1.5,23,0,1,,,,,,,
13,3,1.5,27,0,2,,,,,,,
13,4,1.5,23,0,1,,,,,,,
13,5,1.5,27,0,2,,,,,,,
13,6,1.5,23,0,1,,,,,,,
13,7,1.5,27,0,2,,,,,,,
13,8,1.5,23,0,1,,,,,,,
13,9,1.5,27,0,2,,,,,,,
13,10,1.5,23,0,1,,,,,,,
13,11,1.5,27,0,2,,,,,,,
13,12,1.5,23,0,1,,,,,,,
13,13,1.5,27,0,2,,,,,,,
13,14,1.5,23,0,1,,,,,,,
13,15,1.5,27,0,2,,,,,,,
13,0,8,26,3,1,,,,,,,
13,1,1.5,24,3,2,,,,,,,
13,2,1.5,26,3,1,,,,,,,
13,3,1.5,24,3,2,,,,,,,
13,4,1.5,26,3,1,,,,,,,
13,5,1.5,24,3,2,,,,,,,
13,6,1.5,26,3,1,,,,,,,
13,7,1.5,24,3,2,,,,,,,
13,8,1.5,26,3,1,,,,,,,
13,9,1.5,24,3,2,,,,,,,
13,10,1.5,26,3,1,,,,,,,
13,11,1.5,24,3,2,,,,,,,
13,12,1.5,26,3,1,,,,,,,
13,13,1.5,24,3,2,,,,,,,
13,14,1.5,26,3,1,,,,,,,
13,15,1.5,24,3,2,,,,,,,
14,0,0,28,1,0,,,,,,,
14,1,0,28,1,1,,,,,,,
14,2,3,28,1,0,,,,,,,
14,3,0,28,1,2,,,,,,,
14,4,3,28,1,0,,,,,,,
14,5,0,28,1,1,,,,,,,
14,6,3,28,1,0,,,,,,,
14,7,0,28,1,2,,,,,,,
14,8,3,28,1,0,,,,,,,
14,9,0,28,1,1,,,,,,,
14,10,3,28,1,0,,,,,,,
14,11,0,28,1,2,,,,,,,
14,12,3,28,1,0,,,,,,,
14,13,0,28,1,1,,,,,,,
14,14,3,28,1,0,,,,,,,
14,15,0,28,1,2,,,,,,,
14,16,3,28,1,0,,,,,,,
14,17,0,28,1,1,,,,,,,
14,18,3,28,1,0,,,,,,,
14,19,0,28,1,2,,,,,,,
14,20,3,28,1,0,,,,,,,
14,21,0,28,1,1,,,,,,,
14,22,3,28,1,0,,,,,,,
14,23,0,28,1,2,,,,,,,
14,0,2,27,2,0,,,,,,,
14,1,0,27,2,1,,,,,,,
14,2,3,27,2,0,,,,,,,
14,3,0,27,2,2,,,,,,,
14,4,3,27,2,0,,,,,,,
14,5,0,27,2,1,,,,,,,
14,6,3,27,2,0,,,,,,,
14,7,0,27,2,2,,,,,,,
14,8,3,27,2,0,,,,,,,
14,9,0,27,2,1,,,,,,,
14,10,3,27,2,0,,,,,,,
14,11,0,27,2,2,,,,,,,
14,12,3,27,2,0,,,,,,,
14,13,0,27,2,1,,,,,,,
14,14,3,27,2,0,,,,,,,
14,15,0,27,2,2,,,,,,,
14,16,3,27,2,0,,,,,,,
14,17,0,27,2,1,,,,,,,
14,18,3,27,2,0,,,,,,,
14,19,0,27,2,2,,,,,,,
14,20,3,27,2,0,,,,,,,
14,21,0,27,2,1,,,,,,,
14,22,3,27,2,0,,,,,,,
14,23,0,27,2,2,,,,,,,
14,0,0,29,0,-1,,,,,,,
14,1,2,26,0,-1,,,,,,,
14,2,2,29,0,-1,,,,,,,
14,3,2,26,0,-1,,,,,,,
14,4,2,29,0,-1,,,,,,,
14,5,2,26,0,-1,,,,,,,
14,6,2,29,0,-1,,,,,,,
14,7,2,26,0,-1,,,,,,,
14,8,2,29,0,-1,,,,,,,
14,9,2,26,0,-1,,,,,,,
14,10,2,29,0,-1,,,,,,,
14,11,2,26,0,-1,,,,,,,
14,12,2,29,0,-1,,,,,,,
14,13,2,26,0,-1,,,,,,,
14,14,2,29,0,-1,,,,,,,
14,15,2,26,0,-1,,,,,,,
14,16,2,29,0,-1,,,,,,,
14,17,2,26,0,-1,,,,,,,
14,18,2,29,0,-1,,,,,,,
14,19,2,26,0,-1,,,,,,,
14,20,2,29,0,-1,,,,,,,
14,21,2,26,0,-1,,,,,,,
14,0,2,27,3,-1,,,,,,,
14,1,2,29,3,-1,,,,,,,
14,2,2,27,3,-1,,,,,,,
14,3,2,29,3,-1,,,,,,,
14,4,2,27,3,-1,,,,,,,
14,5,2,29,3,-1,,,,,,,
14,6,2,27,3,-1,,,,,,,
14,7,2,29,3,-1,,,,,,,
14,8,2,27,3,-1,,,,,,,
14,9,2,29,3,-1,,,,,,,
14,10,2,27,3,-1,,,,,,,
14,11,2,29,3,-1,,,,,,,
14,12,2,27,3,-1,,,,,,,
14,13,2,29,3,-1,,,,,,,
14,14,2,27,3,-1,,,,,,,
14,15,2,29,3,-1,,,,,,,
14,16,2,27,3,-1,,,,,,,
14,17,2,29,3,-1,,,,,,,
14,18,2,27,3,-1,,,,,,,
14,19,2,29,3,-1,,,,,,,
14,20,2,27,3,-1,,,,,,,
14,21,2,29,3,-1,,,,,,,
