wave,no,time,enemy_id,gate,loop,health_increment,damage_increment,armor_increment,resistance_increment,move_increment,gold,health,time_auto_next_wave,time_show_button_next
0,0,0,15,0,,,,,,,3000,1,20,20
0,1,1,7,0,,,,,,,,,,
0,2,1,7,0,,,,,,,,,,
0,3,1,7,0,,,,,,,,,,
0,4,1,7,0,,,,,,,,,,
0,5,1,15,0,,,,,,,,,,
0,6,1,7,0,,,,,,,,,,
0,7,1,7,0,,,,,,,,,,
0,8,1,7,0,,,,,,,,,,
0,9,1,7,0,,,,,,,,,,
0,10,1,15,0,,,,,,,,,,
0,11,1,7,0,,,,,,,,,,
0,12,1,7,0,,,,,,,,,,
0,13,1,7,0,,,,,,,,,,
0,14,1,7,0,,,,,,,,,,
0,0,14,4,2,,,,,,,,,,
0,1,1,4,2,,,,,,,,,,
0,2,1,4,2,,,,,,,,,,
0,3,1,4,2,,,,,,,,,,
0,4,1,4,2,,,,,,,,,,
0,5,1,4,2,,,,,,,,,,
0,6,1,4,2,,,,,,,,,,
0,7,1,4,2,,,,,,,,,,
0,8,1,4,2,,,,,,,,,,
0,9,1,4,2,,,,,,,,,,
0,10,1,4,2,,,,,,,,,,
0,11,1,4,2,,,,,,,,,,
0,12,1,4,2,,,,,,,,,,
0,13,1,4,2,,,,,,,,,,
0,14,1,4,2,,,,,,,,,,
0,15,1,4,2,,,,,,,,,,
0,16,1,4,2,,,,,,,,,,
0,17,1,4,2,,,,,,,,,,
0,18,1,4,2,,,,,,,,,,
0,19,1,4,2,,,,,,,,,,
0,20,1,4,2,,,,,,,,,,
0,0,14.5,6,3,,,,,,,,,,
0,1,1,6,3,,,,,,,,,,
0,2,1,6,3,,,,,,,,,,
0,3,1,6,3,,,,,,,,,,
0,4,1,6,3,,,,,,,,,,
0,5,1,6,3,,,,,,,,,,
0,6,1,6,3,,,,,,,,,,
0,7,1,6,3,,,,,,,,,,
0,8,1,6,3,,,,,,,,,,
0,9,1,6,3,,,,,,,,,,
0,10,1,6,3,,,,,,,,,,
0,11,1,6,3,,,,,,,,,,
0,12,1,6,3,,,,,,,,,,
0,13,1,6,3,,,,,,,,,,
0,14,1,6,3,,,,,,,,,,
0,15,1,6,3,,,,,,,,,,
0,16,1,6,3,,,,,,,,,,
0,17,1,6,3,,,,,,,,,,
0,18,1,6,3,,,,,,,,,,
0,19,1,6,3,,,,,,,,,,
0,20,1,6,3,,,,,,,,,,
0,0,20.5,15,0,,,,,,,,,,
0,1,1,7,0,,,,,,,,,,
0,2,1,7,0,,,,,,,,,,
0,3,1,7,0,,,,,,,,,,
0,4,1,7,0,,,,,,,,,,
0,5,1,15,0,,,,,,,,,,
0,6,1,7,0,,,,,,,,,,
0,7,1,7,0,,,,,,,,,,
0,8,1,7,0,,,,,,,,,,
0,9,1,7,0,,,,,,,,,,
1,0,0,5,3,,20,20,20,20,,,,,
1,1,1.4,7,3,,20,20,20,20,,,,,
1,2,1.4,7,3,,20,20,20,20,,,,,
1,3,1.4,5,3,,20,20,20,20,,,,,
1,4,1.4,7,3,,20,20,20,20,,,,,
1,5,1.4,7,3,,20,20,20,20,,,,,
1,6,1.4,5,3,,20,20,20,20,,,,,
1,7,1.4,7,3,,20,20,20,20,,,,,
1,8,1.4,7,3,,20,20,20,20,,,,,
1,9,1.4,5,3,,20,20,20,20,,,,,
1,10,1.4,7,3,,20,20,20,20,,,,,
1,11,1.4,7,3,,20,20,20,20,,,,,
1,12,1.4,5,3,,20,20,20,20,,,,,
1,13,1.4,7,3,,20,20,20,20,,,,,
1,0,1.4,7,1,,20,20,20,20,,,,,
1,1,1.4,5,1,,20,20,20,20,,,,,
1,2,1.4,7,1,,20,20,20,20,,,,,
1,3,1.4,7,1,,20,20,20,20,,,,,
1,4,1.4,5,1,,20,20,20,20,,,,,
1,5,1.4,7,1,,20,20,20,20,,,,,
1,6,1.4,7,1,,20,20,20,20,,,,,
1,7,1.4,5,1,,20,20,20,20,,,,,
1,8,1.4,7,1,,20,20,20,20,,,,,
1,9,1.4,7,1,,20,20,20,20,,,,,
1,10,1.4,5,1,,20,20,20,20,,,,,
1,11,1.4,7,1,,20,20,20,20,,,,,
1,12,1.4,7,1,,20,20,20,20,,,,,
1,13,1.4,5,1,,20,20,20,20,,,,,
1,14,3.6,15,1,,20,20,20,20,,,,,
1,15,0.8,4,1,,20,20,20,20,,,,,
1,16,0.8,15,1,,20,20,20,20,,,,,
1,17,0.8,4,1,,20,20,20,20,,,,,
1,18,4.8,15,1,,20,20,20,20,,,,,
1,19,0.8,6,1,,20,20,20,20,,,,,
1,20,0.8,15,1,,20,20,20,20,,,,,
1,21,0.8,6,1,,20,20,20,20,,,,,
1,22,4.8,15,1,,20,20,20,20,,,,,
1,23,0.8,4,1,,20,20,20,20,,,,,
1,24,0.8,15,1,,20,20,20,20,,,,,
1,25,0.8,4,1,,20,20,20,20,,,,,
1,0,19.6,15,2,,20,20,20,20,,,,,
1,1,0.8,4,2,,20,20,20,20,,,,,
1,2,0.8,15,2,,20,20,20,20,,,,,
1,3,0.8,4,2,,20,20,20,20,,,,,
1,4,4.8,15,2,,20,20,20,20,,,,,
1,5,0.8,6,2,,20,20,20,20,,,,,
1,6,0.8,15,2,,20,20,20,20,,,,,
1,7,0.8,6,2,,20,20,20,20,,,,,
1,8,4.8,15,2,,20,20,20,20,,,,,
1,9,0.8,4,2,,20,20,20,20,,,,,
1,10,0.8,15,2,,20,20,20,20,,,,,
1,11,0.8,4,2,,20,20,20,20,,,,,
1,12,4.8,15,2,,20,20,20,20,,,,,
2,0,0,14,1,,30,30,30,30,,,,,
2,1,2.5,14,1,,30,30,30,30,,,,,
2,2,2,32,1,,30,30,30,30,,,,,
2,3,2.3,14,1,,30,30,30,30,,,,,
2,4,2,14,1,,30,30,30,30,,,,,
2,5,1.8,32,1,,30,30,30,30,,,,,
2,6,2,14,1,,30,30,30,30,,,,,
2,7,2.3,32,1,,30,30,30,30,,,,,
2,8,1.8,32,1,,30,30,30,30,,,,,
2,9,2.3,32,1,,30,30,30,30,,,,,
2,10,20.2,15,1,,30,30,30,30,,,,,
2,11,1,4,1,,30,30,30,30,,,,,
2,12,1,15,1,,30,30,30,30,,,,,
2,13,1,4,1,,30,30,30,30,,,,,
2,14,1,15,1,,30,30,30,30,,,,,
2,15,1,4,1,,30,30,30,30,,,,,
2,16,1,4,1,,30,30,30,30,,,,,
2,17,1,6,1,,30,30,30,30,,,,,
2,18,1,6,1,,30,30,30,30,,,,,
2,19,1,15,1,,30,30,30,30,,,,,
2,20,1,6,1,,30,30,30,30,,,,,
2,21,1,15,1,,30,30,30,30,,,,,
2,22,1,6,1,,30,30,30,30,,,,,
2,23,1,15,1,,30,30,30,30,,,,,
2,24,1,4,1,,30,30,30,30,,,,,
2,25,1,4,1,,30,30,30,30,,,,,
2,26,1,6,1,,30,30,30,30,,,,,
2,27,1,6,1,,30,30,30,30,,,,,
2,28,1,15,1,,30,30,30,30,,,,,
2,29,1,4,1,,30,30,30,30,,,,,
2,30,1,15,1,,30,30,30,30,,,,,
2,31,1,6,1,,30,30,30,30,,,,,
2,32,1,15,1,,30,30,30,30,,,,,
2,0,1.8,7,0,,30,30,30,30,,,,,
2,1,1.8,7,0,,30,30,30,30,,,,,
2,2,1.8,32,0,,30,30,30,30,,,,,
2,3,1.8,7,0,,30,30,30,30,,,,,
2,4,1.8,32,0,,30,30,30,30,,,,,
2,5,1.8,7,0,,30,30,30,30,,,,,
2,6,1.8,32,0,,30,30,30,30,,,,,
2,7,1.8,7,0,,30,30,30,30,,,,,
2,8,1.8,32,0,,30,30,30,30,,,,,
2,9,1.8,7,0,,30,30,30,30,,,,,
2,10,1.7,10,0,,30,30,30,30,,,,,
2,11,1.7,10,0,,30,30,30,30,,,,,
2,12,1.7,10,0,,30,30,30,30,,,,,
2,13,1.7,10,0,,30,30,30,30,,,,,
2,14,1.7,10,0,,30,30,30,30,,,,,
2,15,1.7,10,0,,30,30,30,30,,,,,
2,16,1.4,10,0,,30,30,30,30,,,,,
2,17,1.4,10,0,,30,30,30,30,,,,,
2,18,1.6,10,0,,30,30,30,30,,,,,
2,19,1.2,5,0,,30,30,30,30,,,,,
2,20,1.2,10,0,,30,30,30,30,,,,,
2,0,18,5,3,,30,30,30,30,,,,,
2,1,2.5,5,3,,30,30,30,30,,,,,
2,2,2.4,5,3,,30,30,30,30,,,,,
2,3,1,10,3,,30,30,30,30,,,,,
2,4,1,10,3,,30,30,30,30,,,,,
2,5,2,32,3,,30,30,30,30,,,,,
2,6,1.4,32,3,,30,30,30,30,,,,,
2,7,1.4,32,3,,30,30,30,30,,,,,
2,8,1.7,10,3,,30,30,30,30,,,,,
2,9,1.2,10,3,,30,30,30,30,,,,,
2,10,1.2,10,3,,30,30,30,30,,,,,
2,11,1.2,10,3,,30,30,30,30,,,,,
3,0,0,5,2,,40,40,40,40,,,,,
3,1,1.7,15,2,,40,40,40,40,,,,,
3,2,1.8,5,2,,40,40,40,40,,,,,
3,3,1.7,15,2,,40,40,40,40,,,,,
3,4,1.5,32,2,,40,40,40,40,,,,,
3,5,1.8,15,2,,40,40,40,40,,,,,
3,6,1.6,32,2,,40,40,40,40,,,,,
3,7,1.8,15,2,,40,40,40,40,,,,,
3,8,1.5,32,2,,40,40,40,40,,,,,
3,9,1.8,10,2,,40,40,40,40,,,,,
3,10,1.7,32,2,,40,40,40,40,,,,,
3,11,1.5,10,2,,40,40,40,40,,,,,
3,12,1.2,32,2,,40,40,40,40,,,,,
3,13,1.6,10,2,,40,40,40,40,,,,,
3,14,1.5,32,2,,40,40,40,40,,,,,
3,15,1.7,10,2,,40,40,40,40,,,,,
3,16,1.5,32,2,,40,40,40,40,,,,,
3,17,1.8,10,2,,40,40,40,40,,,,,
3,18,1.7,32,2,,40,40,40,40,,,,,
3,19,1.5,15,2,,40,40,40,40,,,,,
3,20,1.2,32,2,,40,40,40,40,,,,,
3,21,1.6,15,2,,40,40,40,40,,,,,
3,22,1.5,32,2,,40,40,40,40,,,,,
3,23,1.7,15,2,,40,40,40,40,,,,,
3,24,1.2,32,2,,40,40,40,40,,,,,
3,25,1.6,15,2,,40,40,40,40,,,,,
3,26,1.5,32,2,,40,40,40,40,,,,,
3,27,1.7,15,2,,40,40,40,40,,,,,
3,0,42,14,3,,40,40,40,40,,,,,
3,1,2,14,3,,40,40,40,40,,,,,
3,2,2,14,3,,40,40,40,40,,,,,
3,3,2,14,3,,40,40,40,40,,,,,
3,4,2,14,3,,40,40,40,40,,,,,
3,5,2,14,3,,40,40,40,40,,,,,
3,6,2,14,3,,40,40,40,40,,,,,
3,7,2,14,3,,40,40,40,40,,,,,
3,8,2,15,3,,40,40,40,40,,,,,
3,9,2,32,3,,40,40,40,40,,,,,
3,10,2,32,3,,40,40,40,40,,,,,
3,11,2,15,3,,40,40,40,40,,,,,
3,12,2,32,3,,40,40,40,40,,,,,
3,13,2,32,3,,40,40,40,40,,,,,
3,14,2,15,3,,40,40,40,40,,,,,
3,0,42,14,1,,40,40,40,40,,,,,
3,1,2,14,1,,40,40,40,40,,,,,
3,2,2.3,14,1,,40,40,40,40,,,,,
3,3,2,14,1,,40,40,40,40,,,,,
3,4,2.3,14,1,,40,40,40,40,,,,,
3,5,2.3,14,1,,40,40,40,40,,,,,
3,6,2,14,1,,40,40,40,40,,,,,
3,7,2,15,1,,40,40,40,40,,,,,
3,8,2.3,32,1,,40,40,40,40,,,,,
3,9,2,32,1,,40,40,40,40,,,,,
3,10,2,32,1,,40,40,40,40,,,,,
3,11,2,15,1,,40,40,40,40,,,,,
3,12,2,32,1,,40,40,40,40,,,,,
3,13,2,32,1,,40,40,40,40,,,,,
4,0,0,32,2,,50,50,50,50,,,,,
4,1,0.4,4,2,,50,50,50,50,,,,,
4,2,0.4,32,2,,50,50,50,50,,,,,
4,3,0.4,4,2,,50,50,50,50,,,,,
4,4,0.4,4,2,,50,50,50,50,,,,,
4,5,1.6,32,2,,50,50,50,50,,,,,
4,6,0.4,6,2,,50,50,50,50,,,,,
4,7,0.4,32,2,,50,50,50,50,,,,,
4,8,0.4,6,2,,50,50,50,50,,,,,
4,9,0.4,4,2,,50,50,50,50,,,,,
4,10,2,10,2,,50,50,50,50,,,,,
4,11,1,15,2,,50,50,50,50,,,,,
4,12,2,10,2,,50,50,50,50,,,,,
4,13,1,10,2,,50,50,50,50,,,,,
4,14,2,15,2,,50,50,50,50,,,,,
4,15,1,10,2,,50,50,50,50,,,,,
4,16,2,32,2,,50,50,50,50,,,,,
4,17,1,15,2,,50,50,50,50,,,,,
4,18,2,32,2,,50,50,50,50,,,,,
4,19,1,32,2,,50,50,50,50,,,,,
4,20,2,10,2,,50,50,50,50,,,,,
4,21,1,15,2,,50,50,50,50,,,,,
4,0,10,15,3,,50,50,50,50,,,,,
4,1,0.5,32,3,,50,50,50,50,,,,,
4,2,1.5,32,3,,50,50,50,50,,,,,
4,3,0.5,32,3,,50,50,50,50,,,,,
4,4,1.5,15,3,,50,50,50,50,,,,,
4,5,0.5,15,3,,50,50,50,50,,,,,
4,6,1.5,32,3,,50,50,50,50,,,,,
4,7,0.5,32,3,,50,50,50,50,,,,,
4,8,1.5,15,3,,50,50,50,50,,,,,
4,9,0.5,15,3,,50,50,50,50,,,,,
4,10,1.5,32,3,,50,50,50,50,,,,,
4,11,0.5,32,3,,50,50,50,50,,,,,
4,12,0.5,32,3,,50,50,50,50,,,,,
4,13,1.6,5,3,,50,50,50,50,,,,,
4,14,0.4,6,3,,50,50,50,50,,,,,
4,15,0.4,5,3,,50,50,50,50,,,,,
4,16,0.4,6,3,,50,50,50,50,,,,,
4,17,0.4,6,3,,50,50,50,50,,,,,
4,18,1.6,5,3,,50,50,50,50,,,,,
4,19,0.4,4,3,,50,50,50,50,,,,,
4,20,0.4,5,3,,50,50,50,50,,,,,
4,21,0.4,4,3,,50,50,50,50,,,,,
4,22,0.4,6,3,,50,50,50,50,,,,,
4,0,6.2,15,1,,50,50,50,50,,,,,
4,1,2,10,1,,50,50,50,50,,,,,
4,2,1,15,1,,50,50,50,50,,,,,
4,3,2,10,1,,50,50,50,50,,,,,
4,4,1,10,1,,50,50,50,50,,,,,
4,5,2,10,1,,50,50,50,50,,,,,
4,6,1,15,1,,50,50,50,50,,,,,
4,7,2,32,1,,50,50,50,50,,,,,
4,8,1,15,1,,50,50,50,50,,,,,
4,9,2,10,1,,50,50,50,50,,,,,
4,10,1,10,1,,50,50,50,50,,,,,
4,11,2,15,1,,50,50,50,50,,,,,
4,0,1,15,0,,50,50,50,50,,,,,
4,1,2,32,0,,50,50,50,50,,,,,
4,2,0.5,32,0,,50,50,50,50,,,,,
4,3,1.5,15,0,,50,50,50,50,,,,,
4,4,0.5,15,0,,50,50,50,50,,,,,
4,5,1.5,32,0,,50,50,50,50,,,,,
4,6,0.5,32,0,,50,50,50,50,,,,,
4,7,1.5,32,0,,50,50,50,50,,,,,
4,8,0.5,15,0,,50,50,50,50,,,,,
4,9,1.5,32,0,,50,50,50,50,,,,,
4,10,0.5,32,0,,50,50,50,50,,,,,
5,0,0,15,2,,60,60,60,60,,,,,
5,1,2,15,2,,60,60,60,60,,,,,
5,2,2,7,2,,60,60,60,60,,,,,
5,3,2,7,2,,60,60,60,60,,,,,
5,4,2.3,15,2,,60,60,60,60,,,,,
5,5,2.6,32,2,,60,60,60,60,,,,,
5,6,2.7,32,2,,60,60,60,60,,,,,
5,7,2.5,32,2,,60,60,60,60,,,,,
5,8,2.5,15,2,,60,60,60,60,,,,,
5,9,2.5,15,2,,60,60,60,60,,,,,
5,10,2,32,2,,60,60,60,60,,,,,
5,11,2,32,2,,60,60,60,60,,,,,
5,12,2,32,2,,60,60,60,60,,,,,
5,0,1.2,32,3,,60,60,60,60,,,,,
5,1,2.5,32,3,,60,60,60,60,,,,,
5,2,2,7,3,,60,60,60,60,,,,,
5,3,2.3,7,3,,60,60,60,60,,,,,
5,4,2.6,32,3,,60,60,60,60,,,,,
5,5,2.7,32,3,,60,60,60,60,,,,,
5,6,2.5,10,3,,60,60,60,60,,,,,
5,7,2.7,10,3,,60,60,60,60,,,,,
5,8,2.5,32,3,,60,60,60,60,,,,,
5,9,2.5,32,3,,60,60,60,60,,,,,
5,10,3,10,3,,60,60,60,60,,,,,
5,11,3.2,10,3,,60,60,60,60,,,,,
5,0,33,14,0,,60,60,60,60,,,,,
5,1,2.5,14,0,,60,60,60,60,,,,,
5,2,2.5,32,0,,60,60,60,60,,,,,
5,3,2.5,32,0,,60,60,60,60,,,,,
5,4,2.5,32,0,,60,60,60,60,,,,,
5,5,2.5,32,0,,60,60,60,60,,,,,
5,6,2.5,14,0,,60,60,60,60,,,,,
5,7,2,32,0,,60,60,60,60,,,,,
5,8,2.5,32,0,,60,60,60,60,,,,,
5,9,2.2,7,0,,60,60,60,60,,,,,
5,10,1.9,7,0,,60,60,60,60,,,,,
5,11,2,7,0,,60,60,60,60,,,,,
5,12,2.7,32,0,,60,60,60,60,,,,,
5,13,2.4,32,0,,60,60,60,60,,,,,
5,14,2.3,7,0,,60,60,60,60,,,,,
5,15,1.1,7,0,,60,60,60,60,,,,,
5,16,2,7,0,,60,60,60,60,,,,,
5,17,2.7,32,0,,60,60,60,60,,,,,
5,18,3,32,0,,60,60,60,60,,,,,
5,19,2.1,7,0,,60,60,60,60,,,,,
5,20,1.1,7,0,,60,60,60,60,,,,,
5,21,2.5,7,0,,60,60,60,60,,,,,
5,0,35.7,14,1,,60,60,60,60,,,,,
5,1,2.5,32,1,,60,60,60,60,,,,,
5,2,2.5,14,1,,60,60,60,60,,,,,
5,3,2.5,32,1,,60,60,60,60,,,,,
5,4,2.5,32,1,,60,60,60,60,,,,,
5,5,2.5,14,1,,60,60,60,60,,,,,
5,6,2,32,1,,60,60,60,60,,,,,
5,7,2.5,32,1,,60,60,60,60,,,,,
5,8,2.2,7,1,,60,60,60,60,,,,,
5,9,1.9,7,1,,60,60,60,60,,,,,
5,10,2,32,1,,60,60,60,60,,,,,
5,11,2.7,32,1,,60,60,60,60,,,,,
5,12,2.4,7,1,,60,60,60,60,,,,,
5,13,2.3,7,1,,60,60,60,60,,,,,
5,14,1.1,32,1,,60,60,60,60,,,,,
5,15,2,32,1,,60,60,60,60,,,,,
5,16,2.1,7,1,,60,60,60,60,,,,,
5,17,2.2,7,1,,60,60,60,60,,,,,
6,0,0,15,2,,70,70,70,70,,,,,
6,1,1,14,2,,70,70,70,70,,,,,
6,2,2,14,2,,70,70,70,70,,,,,
6,3,2.3,14,2,,70,70,70,70,,,,,
6,4,2.3,14,2,,70,70,70,70,,,,,
6,5,2,14,2,,70,70,70,70,,,,,
6,6,2.3,14,2,,70,70,70,70,,,,,
6,7,2,14,2,,70,70,70,70,,,,,
6,8,34.6,10,2,,70,70,70,70,,,,,
6,9,1,5,2,,70,70,70,70,,,,,
6,10,2,5,2,,70,70,70,70,,,,,
6,11,2,5,2,,70,70,70,70,,,,,
6,12,0.6,7,2,,70,70,70,70,,,,,
6,13,0.6,7,2,,70,70,70,70,,,,,
6,14,0.6,7,2,,70,70,70,70,,,,,
6,0,2,15,3,,70,70,70,70,,,,,
6,1,2,15,3,,70,70,70,70,,,,,
6,2,2,7,3,,70,70,70,70,,,,,
6,3,2,7,3,,70,70,70,70,,,,,
6,4,2,7,3,,70,70,70,70,,,,,
6,5,2,32,3,,70,70,70,70,,,,,
6,6,2,32,3,,70,70,70,70,,,,,
6,7,40,32,3,,70,70,70,70,,,,,
6,8,0.6,7,3,,70,70,70,70,,,,,
6,9,2,5,3,,70,70,70,70,,,,,
6,10,2,5,3,,70,70,70,70,,,,,
6,11,2,5,3,,70,70,70,70,,,,,
6,12,0.5,7,3,,70,70,70,70,,,,,
6,13,0.5,7,3,,70,70,70,70,,,,,
6,14,0.5,7,3,,70,70,70,70,,,,,
6,15,0.5,7,3,,70,70,70,70,,,,,
6,16,2,32,3,,70,70,70,70,,,,,
6,17,2,32,3,,70,70,70,70,,,,,
6,18,0.5,7,3,,70,70,70,70,,,,,
6,19,0.5,32,3,,70,70,70,70,,,,,
6,20,0.5,7,3,,70,70,70,70,,,,,
6,21,0.5,32,3,,70,70,70,70,,,,,
6,22,0.5,7,3,,70,70,70,70,,,,,
6,0,15,14,0,,70,70,70,70,,,,,
6,1,2,14,0,,70,70,70,70,,,,,
6,2,2,14,0,,70,70,70,70,,,,,
6,3,2,14,0,,70,70,70,70,,,,,
6,4,2,14,0,,70,70,70,70,,,,,
6,5,2,14,0,,70,70,70,70,,,,,
6,6,2,14,0,,70,70,70,70,,,,,
6,7,2,14,0,,70,70,70,70,,,,,
6,8,2.2,10,0,,70,70,70,70,,,,,
6,9,2.2,32,0,,70,70,70,70,,,,,
6,10,2.2,32,0,,70,70,70,70,,,,,
6,11,2.2,10,0,,70,70,70,70,,,,,
6,12,2.2,32,0,,70,70,70,70,,,,,
6,13,2.2,32,0,,70,70,70,70,,,,,
6,14,2.2,10,0,,70,70,70,70,,,,,
6,0,16,7,1,,70,70,70,70,,,,,
6,1,2,7,1,,70,70,70,70,,,,,
6,2,2,7,1,,70,70,70,70,,,,,
6,3,1.2,32,1,,70,70,70,70,,,,,
6,4,2.2,10,1,,70,70,70,70,,,,,
6,5,2.2,10,1,,70,70,70,70,,,,,
6,6,2.2,32,1,,70,70,70,70,,,,,
6,7,2.2,10,1,,70,70,70,70,,,,,
6,8,2.2,10,1,,70,70,70,70,,,,,
6,9,2.2,32,1,,70,70,70,70,,,,,
6,10,2.2,10,1,,70,70,70,70,,,,,
6,11,2.2,10,1,,70,70,70,70,,,,,
6,12,2.2,32,1,,70,70,70,70,,,,,
6,13,2.2,10,1,,70,70,70,70,,,,,
7,0,0,15,2,,80,80,80,80,,,,,
7,1,1.4,15,2,,80,80,80,80,,,,,
7,2,2.6,15,2,,80,80,80,80,,,,,
7,3,2.6,15,2,,80,80,80,80,,,,,
7,4,1.4,7,2,,80,80,80,80,,,,,
7,5,1.4,7,2,,80,80,80,80,,,,,
7,6,1.4,7,2,,80,80,80,80,,,,,
7,7,2.5,15,2,,80,80,80,80,,,,,
7,8,23.8,32,2,,80,80,80,80,,,,,
7,9,1.4,10,2,,80,80,80,80,,,,,
7,10,1.4,15,2,,80,80,80,80,,,,,
7,11,1.4,32,2,,80,80,80,80,,,,,
7,12,1.4,32,2,,80,80,80,80,,,,,
7,13,1.4,32,2,,80,80,80,80,,,,,
7,14,1.4,15,2,,80,80,80,80,,,,,
7,15,1.4,32,2,,80,80,80,80,,,,,
7,16,1.4,32,2,,80,80,80,80,,,,,
7,17,1.4,32,2,,80,80,80,80,,,,,
7,18,2.1,15,2,,80,80,80,80,,,,,
7,19,2.1,15,2,,80,80,80,80,,,,,
7,20,2.1,14,2,,80,80,80,80,,,,,
7,21,1.4,14,2,,80,80,80,80,,,,,
7,22,1.4,14,2,,80,80,80,80,,,,,
7,23,1.4,14,2,,80,80,80,80,,,,,
7,24,1.8,15,2,,80,80,80,80,,,,,
7,0,13.8,15,0,,80,80,80,80,,,,,
7,1,1,15,0,,80,80,80,80,,,,,
7,2,1,7,0,,80,80,80,80,,,,,
7,3,1.5,7,0,,80,80,80,80,,,,,
7,4,1,7,0,,80,80,80,80,,,,,
7,5,2,15,0,,80,80,80,80,,,,,
7,6,1.4,10,0,,80,80,80,80,,,,,
7,7,1.4,32,0,,80,80,80,80,,,,,
7,8,1.4,32,0,,80,80,80,80,,,,,
7,9,1.4,32,0,,80,80,80,80,,,,,
7,10,1.4,10,0,,80,80,80,80,,,,,
7,11,2,5,0,,80,80,80,80,,,,,
7,12,1.4,32,0,,80,80,80,80,,,,,
7,13,1.4,32,0,,80,80,80,80,,,,,
7,14,1.4,10,0,,80,80,80,80,,,,,
7,15,1.4,5,0,,80,80,80,80,,,,,
7,16,1.4,10,0,,80,80,80,80,,,,,
7,17,1.4,15,0,,80,80,80,80,,,,,
7,18,1.4,10,0,,80,80,80,80,,,,,
7,19,1.4,32,0,,80,80,80,80,,,,,
7,20,1.4,32,0,,80,80,80,80,,,,,
7,21,1.4,15,0,,80,80,80,80,,,,,
7,22,1.4,10,0,,80,80,80,80,,,,,
7,23,1.4,32,0,,80,80,80,80,,,,,
7,24,1.4,10,0,,80,80,80,80,,,,,
7,0,14,15,1,,80,80,80,80,,,,,
7,1,1,14,1,,80,80,80,80,,,,,
7,2,1.5,14,1,,80,80,80,80,,,,,
7,3,1,14,1,,80,80,80,80,,,,,
7,4,3.2,15,1,,80,80,80,80,,,,,
7,5,1.4,10,1,,80,80,80,80,,,,,
7,6,1.4,5,1,,80,80,80,80,,,,,
7,7,1.4,10,1,,80,80,80,80,,,,,
7,8,1.4,32,1,,80,80,80,80,,,,,
7,9,1.4,32,1,,80,80,80,80,,,,,
7,10,3,32,1,,80,80,80,80,,,,,
7,11,1.4,15,1,,80,80,80,80,,,,,
7,12,1.4,32,1,,80,80,80,80,,,,,
7,13,1.4,32,1,,80,80,80,80,,,,,
8,0,0.5,15,3,,90,90,90,90,,,,,
8,1,1,15,3,,90,90,90,90,,,,,
8,2,1,15,3,,90,90,90,90,,,,,
8,3,1,10,3,,90,90,90,90,,,,,
8,4,1,32,3,,90,90,90,90,,,,,
8,5,1,32,3,,90,90,90,90,,,,,
8,6,1,32,3,,90,90,90,90,,,,,
8,7,1,15,3,,90,90,90,90,,,,,
8,8,1,15,3,,90,90,90,90,,,,,
8,9,1,15,3,,90,90,90,90,,,,,
8,10,1,32,3,,90,90,90,90,,,,,
8,11,1,32,3,,90,90,90,90,,,,,
8,12,1,32,3,,90,90,90,90,,,,,
8,13,1,32,3,,90,90,90,90,,,,,
8,14,1,32,3,,90,90,90,90,,,,,
8,15,1,32,3,,90,90,90,90,,,,,
8,16,29.5,7,3,,90,90,90,90,,,,,
8,17,2,7,3,,90,90,90,90,,,,,
8,18,2,7,3,,90,90,90,90,,,,,
8,19,2,7,3,,90,90,90,90,,,,,
8,20,2,32,3,,90,90,90,90,,,,,
8,21,2,15,3,,90,90,90,90,,,,,
8,22,2,15,3,,90,90,90,90,,,,,
8,23,2,32,3,,90,90,90,90,,,,,
8,24,2,15,3,,90,90,90,90,,,,,
8,25,2,15,3,,90,90,90,90,,,,,
8,26,2,32,3,,90,90,90,90,,,,,
8,0,1,7,1,,90,90,90,90,,,,,
8,1,1,7,1,,90,90,90,90,,,,,
8,2,1,7,1,,90,90,90,90,,,,,
8,3,1,7,1,,90,90,90,90,,,,,
8,4,1,7,1,,90,90,90,90,,,,,
8,5,1,7,1,,90,90,90,90,,,,,
8,6,1,7,1,,90,90,90,90,,,,,
8,7,1,7,1,,90,90,90,90,,,,,
8,8,1,7,1,,90,90,90,90,,,,,
8,9,6,32,1,,90,90,90,90,,,,,
8,10,1.9,32,1,,90,90,90,90,,,,,
8,11,1.9,32,1,,90,90,90,90,,,,,
8,12,1.9,32,1,,90,90,90,90,,,,,
8,13,1.9,32,1,,90,90,90,90,,,,,
8,14,1.9,32,1,,90,90,90,90,,,,,
8,15,1.9,32,1,,90,90,90,90,,,,,
8,16,1.9,15,1,,90,90,90,90,,,,,
8,17,9,15,1,,90,90,90,90,,,,,
8,18,2,15,1,,90,90,90,90,,,,,
8,0,9,15,0,,90,90,90,90,,,,,
8,1,1,15,0,,90,90,90,90,,,,,
8,2,1,32,0,,90,90,90,90,,,,,
8,3,1,32,0,,90,90,90,90,,,,,
8,4,1,32,0,,90,90,90,90,,,,,
8,5,1,32,0,,90,90,90,90,,,,,
8,6,1,32,0,,90,90,90,90,,,,,
8,7,1.9,32,0,,90,90,90,90,,,,,
8,8,1.9,32,0,,90,90,90,90,,,,,
8,9,1.9,32,0,,90,90,90,90,,,,,
8,10,1.9,32,0,,90,90,90,90,,,,,
8,11,1.9,32,0,,90,90,90,90,,,,,
8,12,1.9,5,0,,90,90,90,90,,,,,
8,13,1.9,5,0,,90,90,90,90,,,,,
8,14,1.9,15,0,,90,90,90,90,,,,,
8,15,10,7,0,,90,90,90,90,,,,,
8,16,1.9,7,0,,90,90,90,90,,,,,
8,17,1.9,7,0,,90,90,90,90,,,,,
8,18,1.9,7,0,,90,90,90,90,,,,,
8,19,1,7,0,,90,90,90,90,,,,,
8,20,1.9,7,0,,90,90,90,90,,,,,
8,21,1.9,7,0,,90,90,90,90,,,,,
8,22,1.9,10,0,,90,90,90,90,,,,,
8,23,1.9,15,0,,90,90,90,90,,,,,
8,24,1.9,10,0,,90,90,90,90,,,,,
8,25,1.9,10,0,,90,90,90,90,,,,,
8,26,1.9,15,0,,90,90,90,90,,,,,
8,27,1.9,10,0,,90,90,90,90,,,,,
8,28,1.9,10,0,,90,90,90,90,,,,,
8,0,35,5,2,,90,90,90,90,,,,,
8,1,1,15,2,,90,90,90,90,,,,,
8,2,1,10,2,,90,90,90,90,,,,,
8,3,1,7,2,,90,90,90,90,,,,,
8,4,1,10,2,,90,90,90,90,,,,,
8,5,1,7,2,,90,90,90,90,,,,,
9,0,0,8,2,,100,100,100,100,,,,,
9,1,3,10,2,,100,100,100,100,,,,,
9,2,0.7,10,2,,100,100,100,100,,,,,
9,3,1.4,10,2,,100,100,100,100,,,,,
9,4,1.4,15,2,,100,100,100,100,,,,,
9,5,1.4,15,2,,100,100,100,100,,,,,
9,6,1.4,15,2,,100,100,100,100,,,,,
9,7,1.4,10,2,,100,100,100,100,,,,,
9,8,1.4,10,2,,100,100,100,100,,,,,
9,9,1.4,15,2,,100,100,100,100,,,,,
9,10,1.4,10,2,,100,100,100,100,,,,,
9,11,1.4,15,2,,100,100,100,100,,,,,
9,12,1.4,10,2,,100,100,100,100,,,,,
9,13,1.4,10,2,,100,100,100,100,,,,,
9,14,31,32,2,,100,100,100,100,,,,,
9,15,1.8,32,2,,100,100,100,100,,,,,
9,16,1.8,32,2,,100,100,100,100,,,,,
9,17,1.8,32,2,,100,100,100,100,,,,,
9,18,1.8,32,2,,100,100,100,100,,,,,
9,19,1.8,32,2,,100,100,100,100,,,,,
9,20,1.8,32,2,,100,100,100,100,,,,,
9,21,1.8,32,2,,100,100,100,100,,,,,
9,0,0,9,3,,100,100,100,100,,,,,
9,1,3,15,3,,100,100,100,100,,,,,
9,2,1.4,15,3,,100,100,100,100,,,,,
9,3,1.4,15,3,,100,100,100,100,,,,,
9,4,1.4,15,3,,100,100,100,100,,,,,
9,5,1.4,15,3,,100,100,100,100,,,,,
9,6,1.4,15,3,,100,100,100,100,,,,,
9,7,1.4,15,3,,100,100,100,100,,,,,
9,8,1.4,15,3,,100,100,100,100,,,,,
9,9,1.4,15,3,,100,100,100,100,,,,,
9,10,1.4,15,3,,100,100,100,100,,,,,
9,11,1.4,15,3,,100,100,100,100,,,,,
9,12,1.4,15,3,,100,100,100,100,,,,,
9,13,1.4,15,3,,100,100,100,100,,,,,
9,14,33,15,3,,100,100,100,100,,,,,
9,15,2.7,15,3,,100,100,100,100,,,,,
9,16,1,15,3,,100,100,100,100,,,,,
9,17,1,15,3,,100,100,100,100,,,,,
9,18,1,15,3,,100,100,100,100,,,,,
9,19,1,15,3,,100,100,100,100,,,,,
9,20,1,15,3,,100,100,100,100,,,,,
9,21,1,15,3,,100,100,100,100,,,,,
9,0,24.8,5,1,,100,100,100,100,,,,,
9,1,1.5,7,1,,100,100,100,100,,,,,
9,2,1.5,7,1,,100,100,100,100,,,,,
9,3,1.5,5,1,,100,100,100,100,,,,,
9,4,1.5,7,1,,100,100,100,100,,,,,
9,5,1.5,7,1,,100,100,100,100,,,,,
9,6,1.5,5,1,,100,100,100,100,,,,,
9,7,1.5,7,1,,100,100,100,100,,,,,
9,8,2,7,1,,100,100,100,100,,,,,
9,9,1.5,5,1,,100,100,100,100,,,,,
9,10,1.5,7,1,,100,100,100,100,,,,,
9,11,1.5,7,1,,100,100,100,100,,,,,
9,12,6,32,1,,100,100,100,100,,,,,
9,13,1,32,1,,100,100,100,100,,,,,
9,14,1,32,1,,100,100,100,100,,,,,
9,15,1,32,1,,100,100,100,100,,,,,
9,16,1,32,1,,100,100,100,100,,,,,
9,17,1,15,1,,100,100,100,100,,,,,
9,18,1,15,1,,100,100,100,100,,,,,
9,19,1,15,1,,100,100,100,100,,,,,
9,0,25.8,5,0,,100,100,100,100,,,,,
9,1,1.5,7,0,,100,100,100,100,,,,,
9,2,1.5,7,0,,100,100,100,100,,,,,
9,3,1.5,32,0,,100,100,100,100,,,,,
9,4,1.5,7,0,,100,100,100,100,,,,,
9,5,1.5,7,0,,100,100,100,100,,,,,
9,6,1.5,32,0,,100,100,100,100,,,,,
9,7,1.5,7,0,,100,100,100,100,,,,,
9,8,1.5,7,0,,100,100,100,100,,,,,
9,9,1.5,32,0,,100,100,100,100,,,,,
9,10,1.5,7,0,,100,100,100,100,,,,,
9,11,1.5,7,0,,100,100,100,100,,,,,
9,12,1.5,5,0,,100,100,100,100,,,,,
9,13,1.5,32,0,,100,100,100,100,,,,,
9,14,1,32,0,,100,100,100,100,,,,,
9,15,1,32,0,,100,100,100,100,,,,,
9,16,1,32,0,,100,100,100,100,,,,,
9,17,1,32,0,,100,100,100,100,,,,,
9,18,1,32,0,,100,100,100,100,,,,,
9,19,1,32,0,,100,100,100,100,,,,,
10,0,0,0,0,0,200,200,200,200,15,,,,
11,0,0,0,0,1,200,200,200,200,15,,,,
12,0,0,0,0,2,200,200,200,200,15,,,,
13,0,0,0,0,3,200,200,200,200,15,,,,
14,0,0,0,0,4,200,200,200,200,15,,,,
15,0,0,0,0,5,400,400,400,400,15,,,,
16,0,0,0,0,6,400,400,400,400,15,,,,
17,0,0,0,0,7,400,400,400,400,15,,,,
18,0,0,0,0,8,400,400,400,400,15,,,,
19,0,0,0,0,9,400,400,400,400,15,,,,
20,0,0,0,0,0,600,600,600,600,20,,,,
21,0,0,0,0,1,600,600,600,600,20,,,,
22,0,0,0,0,2,600,600,600,600,20,,,,
23,0,0,0,0,3,600,600,600,600,20,,,,
24,0,0,0,0,4,600,600,600,600,20,,,,
25,0,0,0,0,5,800,800,800,800,20,,,,
26,0,0,0,0,6,800,800,800,800,20,,,,
27,0,0,0,0,7,800,800,800,800,20,,,,
28,0,0,0,0,8,800,800,800,800,20,,,,
29,0,25,8,1,,800,800,800,800,20,,,,
29,0,0,0,0,9,800,800,800,800,20,,,,
30,0,0,0,0,0,1000,1000,980,980,25,,,,
31,0,0,0,0,1,1000,1000,980,980,25,,,,
32,0,0,0,0,2,1000,1000,980,980,25,,,,
33,0,0,0,0,3,1000,1000,980,980,25,,,,
34,0,0,0,0,4,1000,1000,980,980,25,,,,
35,0,0,0,0,5,2000,2000,1960,1960,25,,,,
36,0,0,0,0,6,2000,2000,1960,1960,25,,,,
37,0,0,0,0,7,2000,2000,1960,1960,25,,,,
38,0,0,0,0,8,2000,2000,1960,1960,25,,,,
39,0,0,0,0,29,2000,2000,1960,1960,25,,,,
40,0,0,0,0,0,3000,3000,2940,2940,30,,,,
41,0,0,0,0,1,3000,3000,2940,2940,30,,,,
42,0,0,0,0,2,3000,3000,2940,2940,30,,,,
43,0,0,0,0,3,3000,3000,2940,2940,30,,,,
44,0,0,0,0,4,3000,3000,2940,2940,30,,,,
45,0,0,0,0,5,4000,4000,3920,3920,30,,,,
46,0,0,0,0,6,4000,4000,3920,3920,30,,,,
47,0,0,0,0,7,4000,4000,3920,3920,30,,,,
48,0,0,0,0,8,4000,4000,3920,3920,30,,,,
49,0,0,0,0,29,4000,4000,3920,3920,40,,,,
50,0,0,0,0,0,6000,6000,5700,5700,40,,,,
51,0,0,0,0,1,6000,6000,5700,5700,40,,,,
52,0,0,0,0,2,6000,6000,5700,5700,40,,,,
53,0,0,0,0,3,6000,6000,5700,5700,40,,,,
54,0,0,0,0,4,6000,6000,5700,5700,40,,,,
55,0,0,0,0,5,8000,8000,7600,7600,40,,,,
56,0,0,0,0,6,8000,8000,7600,7600,40,,,,
57,0,0,0,0,7,8000,8000,7600,7600,40,,,,
58,0,0,0,0,8,8000,8000,7600,7600,40,,,,
59,0,0,0,0,29,8000,8000,7600,7600,40,,,,
60,0,0,0,0,0,10000,10000,9500,9500,50,,,,
61,0,0,0,0,1,10000,10000,9500,9500,50,,,,
62,0,0,0,0,2,10000,10000,9500,9500,50,,,,
63,0,0,0,0,3,10000,10000,9500,9500,50,,,,
64,0,0,0,0,4,10000,10000,9500,9500,50,,,,
65,0,0,0,0,5,12000,12000,11400,11400,50,,,,
66,0,0,0,0,6,12000,12000,11400,11400,50,,,,
67,0,0,0,0,7,12000,12000,11400,11400,50,,,,
68,0,0,0,0,8,12000,12000,11400,11400,50,,,,
69,0,0,0,0,29,12000,12000,11400,11400,50,,,,
70,0,0,0,0,0,16000,16000,14400,14400,60,,,,
71,0,0,0,0,1,16000,16000,14400,14400,60,,,,
72,0,0,0,0,2,16000,16000,14400,14400,60,,,,
73,0,0,0,0,3,16000,16000,14400,14400,60,,,,
74,0,0,0,0,4,16000,16000,14400,14400,60,,,,
75,0,0,0,0,5,20000,20000,18000,18000,60,,,,
76,0,0,0,0,6,20000,20000,18000,18000,60,,,,
77,0,0,0,0,7,20000,20000,18000,18000,60,,,,
78,0,0,0,0,8,20000,20000,18000,18000,60,,,,
79,0,0,0,0,29,20000,20000,18000,18000,60,,,,
80,0,0,0,0,0,24000,24000,20400,20400,70,,,,
81,0,0,0,0,1,24000,24000,20400,20400,70,,,,
82,0,0,0,0,2,24000,24000,20400,20400,70,,,,
83,0,0,0,0,3,24000,24000,20400,20400,70,,,,
84,0,0,0,0,4,24000,24000,20400,20400,70,,,,
85,0,0,0,0,5,28000,28000,23800,23800,70,,,,
86,0,0,0,0,6,28000,28000,23800,23800,70,,,,
87,0,0,0,0,7,28000,28000,23800,23800,70,,,,
88,0,0,0,0,8,28000,28000,23800,23800,70,,,,
89,0,0,0,0,29,28000,28000,23800,23800,70,,,,
90,0,0,0,0,0,34000,34000,27200,27200,80,,,,
91,0,0,0,0,1,34000,34000,27200,27200,80,,,,
92,0,0,0,0,2,34000,34000,27200,27200,80,,,,
93,0,0,0,0,3,34000,34000,27200,27200,80,,,,
94,0,0,0,0,4,34000,34000,27200,27200,80,,,,
95,0,0,0,0,5,40000,40000,32000,32000,80,,,,
96,0,0,0,0,6,40000,40000,32000,32000,80,,,,
97,0,0,0,0,7,40000,40000,32000,32000,80,,,,
98,0,0,0,0,8,40000,40000,32000,32000,80,,,,
99,0,0,0,0,29,40000,40000,32000,32000,80,,,,
100,0,0,0,0,0,46000,46000,32200,32200,90,,,,
101,0,0,0,0,1,46000,46000,32200,32200,90,,,,
102,0,0,0,0,2,46000,46000,32200,32200,90,,,,
103,0,0,0,0,3,46000,46000,32200,32200,90,,,,
104,0,0,0,0,4,46000,46000,32200,32200,90,,,,
105,0,0,0,0,5,52000,52000,36400,36400,90,,,,
106,0,0,0,0,6,52000,52000,36400,36400,90,,,,
107,0,0,0,0,7,52000,52000,36400,36400,90,,,,
108,0,0,0,0,8,52000,52000,36400,36400,90,,,,
109,0,0,0,0,29,52000,52000,36400,36400,90,,,,
110,0,0,0,0,0,64000,64000,38400,38400,100,,,,
111,0,0,0,0,1,64000,64000,38400,38400,100,,,,
112,0,0,0,0,2,64000,64000,38400,38400,100,,,,
113,0,0,0,0,3,64000,64000,38400,38400,100,,,,
114,0,0,0,0,4,64000,64000,38400,38400,100,,,,
115,0,0,0,0,5,76000,76000,45600,45600,100,,,,
116,0,0,0,0,6,76000,76000,45600,45600,100,,,,
117,0,0,0,0,7,76000,76000,45600,45600,100,,,,
118,0,0,0,0,8,76000,76000,45600,45600,100,,,,
119,0,0,0,0,29,76000,76000,45600,45600,100,,,,
120,0,0,0,0,0,88000,88000,44000,44000,100,,,,
121,0,0,0,0,1,88000,88000,44000,44000,100,,,,
122,0,0,0,0,2,88000,88000,44000,44000,100,,,,
123,0,0,0,0,3,88000,88000,44000,44000,100,,,,
124,0,0,0,0,4,88000,88000,44000,44000,100,,,,
125,0,0,0,0,5,100000,100000,50000,50000,100,,,,
126,0,0,0,0,6,100000,100000,50000,50000,100,,,,
127,0,0,0,0,7,100000,100000,50000,50000,100,,,,
128,0,0,0,0,8,100000,100000,50000,50000,100,,,,
129,0,0,0,0,29,100000,100000,50000,50000,100,,,,
130,0,0,0,0,0,124000,124000,62000,62000,100,,,,
131,0,0,0,0,1,124000,124000,62000,62000,100,,,,
132,0,0,0,0,2,124000,124000,62000,62000,100,,,,
133,0,0,0,0,3,124000,124000,62000,62000,100,,,,
134,0,0,0,0,4,124000,124000,62000,62000,100,,,,
135,0,0,0,0,5,148000,148000,74000,74000,100,,,,
136,0,0,0,0,6,148000,148000,74000,74000,100,,,,
137,0,0,0,0,7,148000,148000,74000,74000,100,,,,
138,0,0,0,0,8,148000,148000,74000,74000,100,,,,
139,0,0,0,0,29,148000,148000,74000,74000,100,,,,
140,0,0,0,0,0,172000,172000,86000,86000,100,,,,
141,0,0,0,0,1,172000,172000,86000,86000,100,,,,
142,0,0,0,0,2,172000,172000,86000,86000,100,,,,
143,0,0,0,0,3,172000,172000,86000,86000,100,,,,
144,0,0,0,0,4,172000,172000,86000,86000,100,,,,
145,0,0,0,0,5,196000,196000,98000,98000,100,,,,
146,0,0,0,0,6,196000,196000,98000,98000,100,,,,
147,0,0,0,0,7,196000,196000,98000,98000,100,,,,
148,0,0,0,0,8,196000,196000,98000,98000,100,,,,
149,0,0,0,0,29,196000,196000,98000,98000,100,,,,
150,0,0,0,0,0,244000,244000,122000,122000,100,,,,
151,0,0,0,0,1,244000,244000,122000,122000,100,,,,
152,0,0,0,0,2,244000,244000,122000,122000,100,,,,
153,0,0,0,0,3,244000,244000,122000,122000,100,,,,
154,0,0,0,0,4,244000,244000,122000,122000,100,,,,
155,0,0,0,0,5,292000,292000,146000,146000,100,,,,
156,0,0,0,0,6,292000,292000,146000,146000,100,,,,
157,0,0,0,0,7,292000,292000,146000,146000,100,,,,
158,0,0,0,0,8,292000,292000,146000,146000,100,,,,
159,0,0,0,0,29,292000,292000,146000,146000,100,,,,
160,0,0,0,0,0,340000,340000,170000,170000,100,,,,
161,0,0,0,0,1,340000,340000,170000,170000,100,,,,
162,0,0,0,0,2,340000,340000,170000,170000,100,,,,
163,0,0,0,0,3,340000,340000,170000,170000,100,,,,
164,0,0,0,0,4,340000,340000,170000,170000,100,,,,
165,0,0,0,0,5,388000,388000,194000,194000,100,,,,
166,0,0,0,0,6,388000,388000,194000,194000,100,,,,
167,0,0,0,0,7,388000,388000,194000,194000,100,,,,
168,0,0,0,0,8,388000,388000,194000,194000,100,,,,
169,0,0,0,0,29,388000,388000,194000,194000,100,,,,
170,0,0,0,0,0,484000,484000,242000,242000,100,,,,
171,0,0,0,0,1,484000,484000,242000,242000,100,,,,
172,0,0,0,0,2,484000,484000,242000,242000,100,,,,
173,0,0,0,0,3,484000,484000,242000,242000,100,,,,
174,0,0,0,0,4,484000,484000,242000,242000,100,,,,
175,0,0,0,0,5,580000,580000,290000,290000,100,,,,
176,0,0,0,0,6,580000,580000,290000,290000,100,,,,
177,0,0,0,0,7,580000,580000,290000,290000,100,,,,
178,0,0,0,0,8,580000,580000,290000,290000,100,,,,
179,0,0,0,0,29,580000,580000,290000,290000,100,,,,
