wave,no,time,enemy_id,gate,lane,loop,health_increment,damage_increment,armor_increment,resistance_increment,move_increment,gold,health,time_auto_next_wave,time_show_button_next
0,0,0,0,1,1,,,,,,,3000,1,20,20
0,1,1.1,0,1,0,,,,,,,,,,
0,2,0,1,1,1,,,,,,,,,,
0,3,1.1,0,1,2,,,,,,,,,,
0,4,0,1,1,0,,,,,,,,,,
0,5,2.5,0,1,1,,,,,,,,,,
0,6,1.1,0,1,0,,,,,,,,,,
0,7,0,1,1,1,,,,,,,,,,
0,8,1.1,0,1,2,,,,,,,,,,
0,9,0,1,1,0,,,,,,,,,,
0,10,2.5,0,1,1,,,,,,,,,,
0,11,1.1,0,1,0,,,,,,,,,,
0,12,0,1,1,1,,,,,,,,,,
0,13,1.1,0,1,2,,,,,,,,,,
0,14,0,1,1,0,,,,,,,,,,
0,15,2.5,0,1,1,,,,,,,,,,
0,16,0,0,1,0,,,,,,,,,,
0,17,0.8,0,1,1,,,,,,,,,,
0,18,0,0,1,0,,,,,,,,,,
0,19,1.5,1,1,1,,,,,,,,,,
0,20,0,1,1,0,,,,,,,,,,
0,21,2,0,1,2,,,,,,,,,,
0,22,0,0,1,0,,,,,,,,,,
0,23,0.8,0,1,2,,,,,,,,,,
0,24,0,0,1,0,,,,,,,,,,
0,25,1.5,1,1,2,,,,,,,,,,
0,26,0,1,1,0,,,,,,,,,,
0,27,2,0,1,1,,,,,,,,,,
0,28,0,0,1,2,,,,,,,,,,
0,29,0,0,1,0,,,,,,,,,,
0,30,0.8,0,1,1,,,,,,,,,,
0,31,0,0,1,2,,,,,,,,,,
0,32,0,0,1,0,,,,,,,,,,
0,33,1.5,1,1,1,,,,,,,,,,
0,34,0,1,1,2,,,,,,,,,,
0,35,0,1,1,0,,,,,,,,,,
0,0,10,0,2,2,,,,,,,,,,
0,1,1.1,0,2,0,,,,,,,,,,
0,2,0,2,2,2,,,,,,,,,,
0,3,1.1,0,2,1,,,,,,,,,,
0,4,0,2,2,0,,,,,,,,,,
0,5,2,0,2,2,,,,,,,,,,
0,6,1.1,0,2,0,,,,,,,,,,
0,7,0,2,2,2,,,,,,,,,,
0,8,1.1,0,2,1,,,,,,,,,,
0,9,0,2,2,0,,,,,,,,,,
0,10,2,0,2,0,,,,,,,,,,
0,11,0,0,2,2,,,,,,,,,,
0,12,0.8,0,2,0,,,,,,,,,,
0,13,0,0,2,2,,,,,,,,,,
0,14,1.5,2,2,0,,,,,,,,,,
0,15,0,2,2,2,,,,,,,,,,
0,16,2,0,2,1,,,,,,,,,,
0,17,0,0,2,2,,,,,,,,,,
0,18,0,0,2,0,,,,,,,,,,
0,19,0.8,0,2,1,,,,,,,,,,
0,20,0,0,2,2,,,,,,,,,,
0,21,0,0,2,0,,,,,,,,,,
0,22,1.5,2,2,1,,,,,,,,,,
0,23,0,2,2,2,,,,,,,,,,
0,24,0,2,2,0,,,,,,,,,,
0,25,2,0,2,1,,,,,,,,,,
0,26,0,0,2,0,,,,,,,,,,
0,27,0.8,0,2,1,,,,,,,,,,
0,28,0,0,2,0,,,,,,,,,,
0,29,1.5,2,2,1,,,,,,,,,,
0,30,0,2,2,0,,,,,,,,,,
0,31,2,0,2,1,,,,,,,,,,
0,32,0,0,2,2,,,,,,,,,,
0,33,0,0,2,0,,,,,,,,,,
0,34,0.8,0,2,1,,,,,,,,,,
0,35,0,0,2,2,,,,,,,,,,
0,36,0,0,2,0,,,,,,,,,,
0,37,1.5,2,2,1,,,,,,,,,,
0,38,0,2,2,2,,,,,,,,,,
0,39,0,2,2,0,,,,,,,,,,
1,0,0,3,0,1,,20,20,20,20,,,,,
1,1,0,3,0,0,,20,20,20,20,,,,,
1,2,1.5,1,0,2,,20,20,20,20,,,,,
1,3,2,3,0,2,,20,20,20,20,,,,,
1,4,0,3,0,0,,20,20,20,20,,,,,
1,5,1.5,1,0,1,,20,20,20,20,,,,,
1,6,2,3,0,0,,20,20,20,20,,,,,
1,7,0,3,0,1,,20,20,20,20,,,,,
1,8,0,3,0,2,,20,20,20,20,,,,,
1,9,0.6,1,0,1,,20,20,20,20,,,,,
1,10,0,1,0,2,,20,20,20,20,,,,,
1,11,0,1,0,0,,20,20,20,20,,,,,
1,12,2,32,0,0,,20,20,20,20,,,,,
1,13,0,32,0,1,,20,20,20,20,,,,,
1,14,0,32,0,2,,20,20,20,20,,,,,
1,15,0.6,1,0,1,,20,20,20,20,,,,,
1,16,0,1,0,2,,20,20,20,20,,,,,
1,17,0,1,0,0,,20,20,20,20,,,,,
1,18,3,3,0,1,,20,20,20,20,,,,,
1,19,0,3,0,0,,20,20,20,20,,,,,
1,20,1.5,1,0,2,,20,20,20,20,,,,,
1,21,2,3,0,2,,20,20,20,20,,,,,
1,22,0,3,0,0,,20,20,20,20,,,,,
1,23,1.5,1,0,1,,20,20,20,20,,,,,
1,0,5,3,2,2,,20,20,20,20,,,,,
1,1,0,3,2,0,,20,20,20,20,,,,,
1,2,1.5,2,2,1,,20,20,20,20,,,,,
1,3,2,3,2,1,,20,20,20,20,,,,,
1,4,0,3,2,0,,20,20,20,20,,,,,
1,5,1.5,2,2,2,,20,20,20,20,,,,,
1,6,2,32,2,0,,20,20,20,20,,,,,
1,7,0,32,2,1,,20,20,20,20,,,,,
1,8,0,32,2,2,,20,20,20,20,,,,,
1,9,0.6,2,2,1,,20,20,20,20,,,,,
1,10,0,2,2,2,,20,20,20,20,,,,,
1,11,0,2,2,0,,20,20,20,20,,,,,
1,12,2,32,2,0,,20,20,20,20,,,,,
1,13,0,32,2,1,,20,20,20,20,,,,,
1,14,0,32,2,2,,20,20,20,20,,,,,
1,15,0.6,2,2,1,,20,20,20,20,,,,,
1,16,0,2,2,2,,20,20,20,20,,,,,
1,17,0,2,2,0,,20,20,20,20,,,,,
1,18,2,3,2,2,,20,20,20,20,,,,,
1,19,0,3,2,0,,20,20,20,20,,,,,
1,20,1.5,2,2,1,,20,20,20,20,,,,,
1,21,2,3,2,1,,20,20,20,20,,,,,
1,22,0,3,2,0,,20,20,20,20,,,,,
1,23,1.5,2,2,2,,20,20,20,20,,,,,
2,0,7,3,1,1,,30,30,30,30,,,,,
2,1,0,3,1,2,,30,30,30,30,,,,,
2,2,0.6,3,1,1,,30,30,30,30,,,,,
2,3,0,3,1,2,,30,30,30,30,,,,,
2,4,1.4,1,1,1,,30,30,30,30,,,,,
2,5,0,1,1,2,,30,30,30,30,,,,,
2,6,2,32,1,0,,30,30,30,30,,,,,
2,7,0.6,3,1,1,,30,30,30,30,,,,,
2,8,0,3,1,2,,30,30,30,30,,,,,
2,9,1.4,1,1,1,,30,30,30,30,,,,,
2,10,0,1,1,2,,30,30,30,30,,,,,
2,11,2,32,1,0,,30,30,30,30,,,,,
2,12,0.7,1,1,1,,30,30,30,30,,,,,
2,13,0,1,1,2,,30,30,30,30,,,,,
2,14,0.7,1,1,1,,30,30,30,30,,,,,
2,15,0,1,1,2,,30,30,30,30,,,,,
2,16,2,32,1,0,,30,30,30,30,,,,,
2,17,0.7,1,1,1,,30,30,30,30,,,,,
2,18,0,1,1,2,,30,30,30,30,,,,,
2,19,0.7,1,1,1,,30,30,30,30,,,,,
2,20,0,1,1,2,,30,30,30,30,,,,,
2,0,0,7,0,1,,30,30,30,30,,,,,
2,1,2.5,7,0,0,,30,30,30,30,,,,,
2,2,2.5,7,0,2,,30,30,30,30,,,,,
2,3,2.5,7,0,0,,30,30,30,30,,,,,
2,4,2.5,7,0,1,,30,30,30,30,,,,,
2,5,2.5,7,0,0,,30,30,30,30,,,,,
2,6,2.5,7,0,2,,30,30,30,30,,,,,
2,7,2.5,7,0,0,,30,30,30,30,,,,,
2,8,2.5,7,0,1,,30,30,30,30,,,,,
2,9,2.5,7,0,0,,30,30,30,30,,,,,
2,10,2.5,7,0,2,,30,30,30,30,,,,,
2,11,2.5,7,0,0,,30,30,30,30,,,,,
2,12,2.5,7,0,1,,30,30,30,30,,,,,
2,13,2.5,7,0,0,,30,30,30,30,,,,,
2,14,2.5,7,0,2,,30,30,30,30,,,,,
2,0,18,3,2,1,,30,30,30,30,,,,,
2,1,0,3,2,0,,30,30,30,30,,,,,
2,2,2.2,7,2,0,,30,30,30,30,,,,,
2,3,1.8,3,2,2,,30,30,30,30,,,,,
2,4,0,3,2,0,,30,30,30,30,,,,,
2,5,2.2,7,2,0,,30,30,30,30,,,,,
2,6,1.8,32,2,2,,30,30,30,30,,,,,
2,7,0,3,2,0,,30,30,30,30,,,,,
2,8,2.2,7,2,0,,30,30,30,30,,,,,
2,9,1.8,3,2,2,,30,30,30,30,,,,,
2,10,0,32,2,0,,30,30,30,30,,,,,
2,11,2.2,7,2,0,,30,30,30,30,,,,,
2,12,1.8,3,2,1,,30,30,30,30,,,,,
2,13,0,3,2,2,,30,30,30,30,,,,,
2,14,2.2,7,2,0,,30,30,30,30,,,,,
2,15,1.8,3,2,1,,30,30,30,30,,,,,
2,16,0,32,2,2,,30,30,30,30,,,,,
2,17,2.2,7,2,0,,30,30,30,30,,,,,
2,18,1.8,3,2,1,,30,30,30,30,,,,,
2,19,0,3,2,2,,30,30,30,30,,,,,
3,0,0,2,1,1,,40,40,40,40,,,,,
3,1,0,2,1,0,,40,40,40,40,,,,,
3,2,0.6,5,1,-1,,40,40,40,40,,,,,
3,3,0.6,5,1,-1,,40,40,40,40,,,,,
3,4,2,2,1,2,,40,40,40,40,,,,,
3,5,0,2,1,0,,40,40,40,40,,,,,
3,6,2.2,2,1,0,,40,40,40,40,,,,,
3,7,0,2,1,1,,40,40,40,40,,,,,
3,8,2.5,5,1,-1,,40,40,40,40,,,,,
3,9,0.6,5,1,-1,,40,40,40,40,,,,,
3,10,2.2,2,1,0,,40,40,40,40,,,,,
3,11,0,2,1,2,,40,40,40,40,,,,,
3,12,2.5,5,1,-1,,40,40,40,40,,,,,
3,13,0.6,5,1,-1,,40,40,40,40,,,,,
3,14,2.5,2,1,1,,40,40,40,40,,,,,
3,15,0,2,1,0,,40,40,40,40,,,,,
3,16,1.8,5,1,-1,,40,40,40,40,,,,,
3,17,2,5,1,-1,,40,40,40,40,,,,,
3,18,2,2,1,2,,40,40,40,40,,,,,
3,19,0,2,1,0,,40,40,40,40,,,,,
3,20,2.2,2,1,0,,40,40,40,40,,,,,
3,21,0,2,1,1,,40,40,40,40,,,,,
3,22,1.8,5,1,-1,,40,40,40,40,,,,,
3,23,2,5,1,-1,,40,40,40,40,,,,,
3,24,2,2,1,2,,40,40,40,40,,,,,
3,25,0,2,1,0,,40,40,40,40,,,,,
3,26,2.2,2,1,0,,40,40,40,40,,,,,
3,27,0,2,1,1,,40,40,40,40,,,,,
3,0,7,7,3,-1,,40,40,40,40,,,,,
3,1,2.5,7,3,-1,,40,40,40,40,,,,,
3,2,2.5,7,3,-1,,40,40,40,40,,,,,
3,3,2.5,7,3,-1,,40,40,40,40,,,,,
3,4,2.5,7,3,-1,,40,40,40,40,,,,,
3,5,1.8,7,3,-1,,40,40,40,40,,,,,
3,6,2.5,7,3,-1,,40,40,40,40,,,,,
3,7,2.5,7,3,-1,,40,40,40,40,,,,,
3,8,0.6,7,3,-1,,40,40,40,40,,,,,
3,9,1.8,7,3,-1,,40,40,40,40,,,,,
3,10,2.5,7,3,-1,,40,40,40,40,,,,,
3,11,2.5,7,3,-1,,40,40,40,40,,,,,
3,12,0.6,7,3,-1,,40,40,40,40,,,,,
3,13,1.8,7,3,-1,,40,40,40,40,,,,,
3,14,0.6,7,3,-1,,40,40,40,40,,,,,
3,15,1.8,7,3,-1,,40,40,40,40,,,,,
3,16,0.6,7,3,-1,,40,40,40,40,,,,,
3,17,1.8,7,3,-1,,40,40,40,40,,,,,
3,18,0.6,7,3,-1,,40,40,40,40,,,,,
3,19,1.8,7,3,-1,,40,40,40,40,,,,,
3,20,0.6,7,3,-1,,40,40,40,40,,,,,
3,0,0,1,2,1,,40,40,40,40,,,,,
3,1,0,1,2,2,,40,40,40,40,,,,,
3,2,0.6,1,2,1,,40,40,40,40,,,,,
3,3,0,1,2,2,,40,40,40,40,,,,,
3,4,1.4,5,2,1,,40,40,40,40,,,,,
3,5,0,5,2,2,,40,40,40,40,,,,,
3,6,2,1,2,1,,40,40,40,40,,,,,
3,7,0,1,2,0,,40,40,40,40,,,,,
3,8,1.4,5,2,2,,40,40,40,40,,,,,
3,9,2,1,2,1,,40,40,40,40,,,,,
3,10,0,1,2,0,,40,40,40,40,,,,,
3,11,1.4,5,2,2,,40,40,40,40,,,,,
3,12,8,1,2,1,,40,40,40,40,,,,,
3,13,0,1,2,2,,40,40,40,40,,,,,
3,14,0.6,1,2,1,,40,40,40,40,,,,,
3,15,0,1,2,2,,40,40,40,40,,,,,
3,16,1.4,5,2,1,,40,40,40,40,,,,,
3,17,0,5,2,2,,40,40,40,40,,,,,
4,0,0,3,1,1,,50,50,50,50,,,,,
4,1,0,3,1,2,,50,50,50,50,,,,,
4,2,0,3,1,0,,50,50,50,50,,,,,
4,3,0.6,3,1,1,,50,50,50,50,,,,,
4,4,0,3,1,2,,50,50,50,50,,,,,
4,5,0,3,1,0,,50,50,50,50,,,,,
4,6,1.8,32,1,1,,50,50,50,50,,,,,
4,7,0,32,1,2,,50,50,50,50,,,,,
4,8,0,32,1,0,,50,50,50,50,,,,,
4,9,3,3,1,1,,50,50,50,50,,,,,
4,10,0,3,1,2,,50,50,50,50,,,,,
4,11,1.2,3,1,1,,50,50,50,50,,,,,
4,12,0,3,1,2,,50,50,50,50,,,,,
4,13,0.5,32,1,0,,50,50,50,50,,,,,
4,14,2,3,1,1,,50,50,50,50,,,,,
4,15,0,3,1,2,,50,50,50,50,,,,,
4,16,1.2,3,1,1,,50,50,50,50,,,,,
4,17,0,32,1,2,,50,50,50,50,,,,,
4,18,0.5,5,1,0,,50,50,50,50,,,,,
4,0,15,10,3,0,,50,50,50,50,,,,,
4,1,0,10,3,1,,50,50,50,50,,,,,
4,2,3,10,3,1,,50,50,50,50,,,,,
4,3,0,10,3,0,,50,50,50,50,,,,,
4,4,0,10,3,2,,50,50,50,50,,,,,
4,5,3,10,3,1,,50,50,50,50,,,,,
4,6,0,10,3,0,,50,50,50,50,,,,,
4,7,2,10,3,2,,50,50,50,50,,,,,
4,8,0,10,3,0,,50,50,50,50,,,,,
4,9,0,10,3,1,,50,50,50,50,,,,,
4,10,3,10,3,-1,,50,50,50,50,,,,,
4,11,2,10,3,-1,,50,50,50,50,,,,,
4,0,5,3,0,2,,50,50,50,50,,,,,
4,1,0,3,0,0,,50,50,50,50,,,,,
4,2,1.2,7,0,1,,50,50,50,50,,,,,
4,3,2.2,3,0,1,,50,50,50,50,,,,,
4,4,0,3,0,0,,50,50,50,50,,,,,
4,5,1.2,7,0,2,,50,50,50,50,,,,,
4,6,2.2,32,0,2,,50,50,50,50,,,,,
4,7,0,32,0,0,,50,50,50,50,,,,,
4,8,1.2,7,0,1,,50,50,50,50,,,,,
4,9,2.2,3,0,1,,50,50,50,50,,,,,
4,10,0,3,0,0,,50,50,50,50,,,,,
4,11,1.2,7,0,2,,50,50,50,50,,,,,
4,12,2.2,32,0,2,,50,50,50,50,,,,,
4,13,0,32,0,0,,50,50,50,50,,,,,
4,14,1.2,7,0,1,,50,50,50,50,,,,,
4,0,15,7,2,-1,,50,50,50,50,,,,,
4,1,0.6,7,2,-1,,50,50,50,50,,,,,
4,2,1.8,7,2,-1,,50,50,50,50,,,,,
4,3,2.5,5,2,-1,,50,50,50,50,,,,,
4,4,2.5,5,2,-1,,50,50,50,50,,,,,
4,5,0.6,7,2,-1,,50,50,50,50,,,,,
4,6,1.8,5,2,-1,,50,50,50,50,,,,,
4,7,0.6,7,2,-1,,50,50,50,50,,,,,
4,8,1.8,5,2,-1,,50,50,50,50,,,,,
4,9,0.6,7,2,-1,,50,50,50,50,,,,,
4,10,1.8,5,2,-1,,50,50,50,50,,,,,
4,11,0.6,7,2,-1,,50,50,50,50,,,,,
4,12,1.8,5,2,-1,,50,50,50,50,,,,,
4,13,2.5,7,2,-1,,50,50,50,50,,,,,
4,14,0.6,5,2,-1,,50,50,50,50,,,,,
5,0,12,10,1,1,,60,60,60,60,,,,,
5,1,1.5,10,1,0,,60,60,60,60,,,,,
5,2,1.5,5,1,2,,60,60,60,60,,,,,
5,3,1.5,10,1,0,,60,60,60,60,,,,,
5,4,1.5,10,1,1,,60,60,60,60,,,,,
5,5,1.5,5,1,0,,60,60,60,60,,,,,
5,6,1.5,10,1,2,,60,60,60,60,,,,,
5,7,0.5,7,1,-1,,60,60,60,60,,,,,
5,8,1.5,10,1,0,,60,60,60,60,,,,,
5,9,1.5,5,1,1,,60,60,60,60,,,,,
5,10,1.5,7,1,0,,60,60,60,60,,,,,
5,11,1.5,10,1,2,,60,60,60,60,,,,,
5,12,1.5,5,1,0,,60,60,60,60,,,,,
5,13,1.5,10,1,1,,60,60,60,60,,,,,
5,14,0.5,7,1,-1,,60,60,60,60,,,,,
5,15,1.5,10,1,0,,60,60,60,60,,,,,
5,0,0,14,2,-1,,60,60,60,60,,,,,
5,1,2.8,14,2,-1,,60,60,60,60,,,,,
5,2,2.8,14,2,-1,,60,60,60,60,,,,,
5,3,1.8,3,2,-1,,60,60,60,60,,,,,
5,4,2.8,14,2,-1,,60,60,60,60,,,,,
5,5,2.2,3,2,-1,,60,60,60,60,,,,,
5,6,2.8,14,2,-1,,60,60,60,60,,,,,
5,7,2,32,2,-1,,60,60,60,60,,,,,
5,8,2.2,3,2,-1,,60,60,60,60,,,,,
5,9,2.8,14,2,-1,,60,60,60,60,,,,,
5,10,2,32,2,-1,,60,60,60,60,,,,,
5,11,2.2,3,2,-1,,60,60,60,60,,,,,
5,12,1.8,32,2,-1,,60,60,60,60,,,,,
5,13,2,3,2,-1,,60,60,60,60,,,,,
5,14,10,14,2,-1,,60,60,60,60,,,,,
5,15,2.4,14,2,-1,,60,60,60,60,,,,,
5,16,12,14,2,-1,,60,60,60,60,,,,,
5,17,1.5,3,2,-1,,60,60,60,60,,,,,
5,18,1.8,14,2,-1,,60,60,60,60,,,,,
5,19,2,32,2,-1,,60,60,60,60,,,,,
5,20,1.5,14,2,-1,,60,60,60,60,,,,,
5,21,1.8,3,2,-1,,60,60,60,60,,,,,
5,22,1.5,3,2,-1,,60,60,60,60,,,,,
5,23,1.8,14,2,-1,,60,60,60,60,,,,,
5,24,2,3,2,-1,,60,60,60,60,,,,,
5,0,25,7,3,1,,60,60,60,60,,,,,
5,1,2,7,3,0,,60,60,60,60,,,,,
5,2,2.2,7,3,2,,60,60,60,60,,,,,
5,3,1.8,7,3,1,,60,60,60,60,,,,,
5,4,2,7,3,0,,60,60,60,60,,,,,
5,5,1.5,7,3,2,,60,60,60,60,,,,,
5,6,1.8,7,3,-1,,60,60,60,60,,,,,
5,7,9,7,3,-1,,60,60,60,60,,,,,
5,8,1.5,7,3,-1,,60,60,60,60,,,,,
5,9,1.8,7,3,-1,,60,60,60,60,,,,,
5,10,2,7,3,-1,,60,60,60,60,,,,,
5,11,2,7,3,2,,60,60,60,60,,,,,
5,12,1.5,7,3,1,,60,60,60,60,,,,,
5,13,1.8,7,3,0,,60,60,60,60,,,,,
5,14,9,7,3,2,,60,60,60,60,,,,,
5,15,1.5,7,3,-1,,60,60,60,60,,,,,
6,0,0,14,0,-1,,70,70,70,70,,,,,
6,1,2.5,14,0,-1,,70,70,70,70,,,,,
6,2,2,14,0,-1,,70,70,70,70,,,,,
6,3,2.3,14,0,-1,,70,70,70,70,,,,,
6,4,2,5,0,-1,,70,70,70,70,,,,,
6,5,1.8,14,0,-1,,70,70,70,70,,,,,
6,6,2,5,0,-1,,70,70,70,70,,,,,
6,7,2.3,14,0,-1,,70,70,70,70,,,,,
6,8,2,14,0,-1,,70,70,70,70,,,,,
6,9,1.8,5,0,-1,,70,70,70,70,,,,,
6,10,2,14,0,-1,,70,70,70,70,,,,,
6,11,2.3,14,0,-1,,70,70,70,70,,,,,
6,12,2,5,0,-1,,70,70,70,70,,,,,
6,13,1.8,7,0,-1,,70,70,70,70,,,,,
6,14,1.8,14,0,-1,,70,70,70,70,,,,,
6,15,2,5,0,-1,,70,70,70,70,,,,,
6,16,2.3,7,0,-1,,70,70,70,70,,,,,
6,17,2,14,0,-1,,70,70,70,70,,,,,
6,18,1.5,14,0,-1,,70,70,70,70,,,,,
6,19,0.8,7,0,-1,,70,70,70,70,,,,,
6,20,2,5,0,-1,,70,70,70,70,,,,,
6,21,2.3,7,0,-1,,70,70,70,70,,,,,
6,22,2,14,0,-1,,70,70,70,70,,,,,
6,23,1.5,14,0,-1,,70,70,70,70,,,,,
6,24,0.8,7,0,-1,,70,70,70,70,,,,,
6,0,8,7,3,-1,,70,70,70,70,,,,,
6,1,2,7,3,-1,,70,70,70,70,,,,,
6,2,2.3,7,3,-1,,70,70,70,70,,,,,
6,3,2,5,3,-1,,70,70,70,70,,,,,
6,4,1.8,7,3,-1,,70,70,70,70,,,,,
6,5,2,5,3,-1,,70,70,70,70,,,,,
6,6,2.3,7,3,-1,,70,70,70,70,,,,,
6,7,2,7,3,-1,,70,70,70,70,,,,,
6,8,1.8,5,3,-1,,70,70,70,70,,,,,
6,9,2,7,3,-1,,70,70,70,70,,,,,
6,10,2.3,5,3,1,,70,70,70,70,,,,,
6,11,0,5,3,0,,70,70,70,70,,,,,
6,12,1.8,7,3,-1,,70,70,70,70,,,,,
6,13,1.8,7,3,-1,,70,70,70,70,,,,,
6,14,2,5,3,-1,,70,70,70,70,,,,,
6,15,2.3,7,3,-1,,70,70,70,70,,,,,
6,16,2,7,3,-1,,70,70,70,70,,,,,
6,17,1.8,5,3,-1,,70,70,70,70,,,,,
6,18,2,7,3,-1,,70,70,70,70,,,,,
6,19,2.3,5,3,2,,70,70,70,70,,,,,
6,20,0,5,3,0,,70,70,70,70,,,,,
6,21,1.8,7,3,-1,,70,70,70,70,,,,,
6,22,1.8,7,3,-1,,70,70,70,70,,,,,
7,0,0,7,2,-1,,80,80,80,80,,,,,
7,1,1.8,7,2,-1,,80,80,80,80,,,,,
7,2,2,7,2,-1,,80,80,80,80,,,,,
7,3,2.3,7,2,-1,,80,80,80,80,,,,,
7,4,2,7,2,-1,,80,80,80,80,,,,,
7,5,2.5,3,2,1,,80,80,80,80,,,,,
7,6,0,3,2,0,,80,80,80,80,,,,,
7,7,0,3,2,2,,80,80,80,80,,,,,
7,8,0.6,3,2,1,,80,80,80,80,,,,,
7,9,0,3,2,0,,80,80,80,80,,,,,
7,10,0,3,2,2,,80,80,80,80,,,,,
7,11,2,32,2,1,,80,80,80,80,,,,,
7,12,0,32,2,0,,80,80,80,80,,,,,
7,13,0,32,2,2,,80,80,80,80,,,,,
7,14,8,3,2,1,,80,80,80,80,,,,,
7,15,0,3,2,0,,80,80,80,80,,,,,
7,16,1.2,32,2,0,,80,80,80,80,,,,,
7,17,0,32,2,2,,80,80,80,80,,,,,
7,18,2.5,3,2,1,,80,80,80,80,,,,,
7,19,0,3,2,0,,80,80,80,80,,,,,
7,20,0.6,7,2,-1,,80,80,80,80,,,,,
7,21,1.2,32,2,0,,80,80,80,80,,,,,
7,22,0,32,2,2,,80,80,80,80,,,,,
7,23,7,3,2,1,,80,80,80,80,,,,,
7,24,0,3,2,0,,80,80,80,80,,,,,
7,25,0.6,7,2,-1,,80,80,80,80,,,,,
7,0,5,3,0,1,,80,80,80,80,,,,,
7,1,1.1,3,0,0,,80,80,80,80,,,,,
7,2,0,10,0,1,,80,80,80,80,,,,,
7,3,1.1,3,0,2,,80,80,80,80,,,,,
7,4,0,10,0,0,,80,80,80,80,,,,,
7,5,2.8,32,0,1,,80,80,80,80,,,,,
7,6,1.1,32,0,0,,80,80,80,80,,,,,
7,7,0,10,0,1,,80,80,80,80,,,,,
7,8,1.1,32,0,2,,80,80,80,80,,,,,
7,9,0,10,0,0,,80,80,80,80,,,,,
7,0,12,3,1,1,,80,80,80,80,,,,,
7,1,0,3,1,0,,80,80,80,80,,,,,
7,2,1.5,5,1,2,,80,80,80,80,,,,,
7,3,2.5,3,1,2,,80,80,80,80,,,,,
7,4,0,3,1,0,,80,80,80,80,,,,,
7,5,1.5,5,1,1,,80,80,80,80,,,,,
7,6,2.8,3,1,0,,80,80,80,80,,,,,
7,7,0,3,1,1,,80,80,80,80,,,,,
7,8,0,3,1,2,,80,80,80,80,,,,,
7,9,3,5,1,1,,80,80,80,80,,,,,
7,10,0,5,1,2,,80,80,80,80,,,,,
7,11,0,5,1,0,,80,80,80,80,,,,,
7,12,3.2,32,1,0,,80,80,80,80,,,,,
7,13,0,32,1,1,,80,80,80,80,,,,,
7,14,0,32,1,2,,80,80,80,80,,,,,
7,15,3,5,1,1,,80,80,80,80,,,,,
7,16,0,5,1,2,,80,80,80,80,,,,,
7,17,0,5,1,0,,80,80,80,80,,,,,
7,18,3,3,1,1,,80,80,80,80,,,,,
7,19,0,3,1,0,,80,80,80,80,,,,,
8,0,0,7,1,-1,,90,90,90,90,,,,,
8,1,2.8,7,1,-1,,90,90,90,90,,,,,
8,2,1.5,7,1,-1,,90,90,90,90,,,,,
8,3,2,7,1,-1,,90,90,90,90,,,,,
8,4,1.2,7,1,-1,,90,90,90,90,,,,,
8,5,2,5,1,1,,90,90,90,90,,,,,
8,6,0,5,1,0,,90,90,90,90,,,,,
8,7,0.6,3,1,1,,90,90,90,90,,,,,
8,8,0,3,1,0,,90,90,90,90,,,,,
8,9,2,5,1,2,,90,90,90,90,,,,,
8,10,0,5,1,0,,90,90,90,90,,,,,
8,11,0.6,3,1,2,,90,90,90,90,,,,,
8,12,0,3,1,0,,90,90,90,90,,,,,
8,13,1.2,7,1,-1,,90,90,90,90,,,,,
8,14,2.5,5,1,1,,90,90,90,90,,,,,
8,15,0,5,1,0,,90,90,90,90,,,,,
8,16,0,5,1,2,,90,90,90,90,,,,,
8,17,2,32,1,1,,90,90,90,90,,,,,
8,18,0,32,1,0,,90,90,90,90,,,,,
8,19,0,32,1,2,,90,90,90,90,,,,,
8,20,0.6,32,1,1,,90,90,90,90,,,,,
8,21,0,32,1,0,,90,90,90,90,,,,,
8,22,0,32,1,2,,90,90,90,90,,,,,
8,23,1.5,7,1,-1,,90,90,90,90,,,,,
8,24,0.7,7,1,-1,,90,90,90,90,,,,,
8,0,5,7,3,-1,,90,90,90,90,,,,,
8,1,2.3,7,3,-1,,90,90,90,90,,,,,
8,2,2,14,3,-1,,90,90,90,90,,,,,
8,3,2.3,7,3,-1,,90,90,90,90,,,,,
8,4,2,7,3,-1,,90,90,90,90,,,,,
8,5,1.8,7,3,-1,,90,90,90,90,,,,,
8,6,2,14,3,-1,,90,90,90,90,,,,,
8,7,2.3,7,3,-1,,90,90,90,90,,,,,
8,8,2,7,3,-1,,90,90,90,90,,,,,
8,9,1.8,14,3,-1,,90,90,90,90,,,,,
8,10,2,7,3,-1,,90,90,90,90,,,,,
8,11,2.3,7,3,-1,,90,90,90,90,,,,,
8,12,1.8,14,3,1,,90,90,90,90,,,,,
8,0,12,3,2,1,,90,90,90,90,,,,,
8,1,0,3,2,0,,90,90,90,90,,,,,
8,2,0,3,2,2,,90,90,90,90,,,,,
8,3,2,10,2,1,,90,90,90,90,,,,,
8,4,0,10,2,0,,90,90,90,90,,,,,
8,5,0,10,2,2,,90,90,90,90,,,,,
8,6,2,32,2,1,,90,90,90,90,,,,,
8,7,0,32,2,0,,90,90,90,90,,,,,
8,8,0,32,2,2,,90,90,90,90,,,,,
8,9,2.4,3,2,1,,90,90,90,90,,,,,
8,10,0,3,2,0,,90,90,90,90,,,,,
8,11,0,3,2,2,,90,90,90,90,,,,,
8,12,2,10,2,1,,90,90,90,90,,,,,
8,13,0,10,2,0,,90,90,90,90,,,,,
8,14,0,10,2,2,,90,90,90,90,,,,,
8,15,2,32,2,1,,90,90,90,90,,,,,
8,16,0,32,2,0,,90,90,90,90,,,,,
8,17,0,32,2,2,,90,90,90,90,,,,,
8,0,7,14,0,-1,,90,90,90,90,,,,,
8,1,2,14,0,-1,,90,90,90,90,,,,,
8,2,2.3,14,0,-1,,90,90,90,90,,,,,
8,3,1.8,14,0,-1,,90,90,90,90,,,,,
8,4,2,14,0,-1,,90,90,90,90,,,,,
8,5,1.2,14,0,-1,,90,90,90,90,,,,,
8,6,2,14,0,-1,,90,90,90,90,,,,,
8,7,1.8,14,0,-1,,90,90,90,90,,,,,
8,8,1.8,14,0,-1,,90,90,90,90,,,,,
9,0,0,5,1,-1,,100,100,100,100,,,,,
9,1,2.3,5,1,-1,,100,100,100,100,,,,,
9,2,1.8,5,1,-1,,100,100,100,100,,,,,
9,3,2.3,7,1,-1,,100,100,100,100,,,,,
9,4,1.8,5,1,-1,,100,100,100,100,,,,,
9,5,2.3,7,1,-1,,100,100,100,100,,,,,
9,6,1.8,14,1,-1,,100,100,100,100,,,,,
9,7,2,5,1,1,,100,100,100,100,,,,,
9,8,0,14,1,0,,100,100,100,100,,,,,
9,9,2,7,1,-1,,100,100,100,100,,,,,
9,10,1.8,14,1,-1,,100,100,100,100,,,,,
9,11,2.3,7,1,-1,,100,100,100,100,,,,,
9,12,1.8,14,1,-1,,100,100,100,100,,,,,
9,13,2.3,5,1,-1,,100,100,100,100,,,,,
9,14,1.8,7,1,-1,,100,100,100,100,,,,,
9,0,5,32,3,1,,100,100,100,100,,,,,
9,1,1.8,32,3,0,,100,100,100,100,,,,,
9,2,1.8,7,3,2,,100,100,100,100,,,,,
9,3,1.8,32,3,1,,100,100,100,100,,,,,
9,4,1.8,32,3,0,,100,100,100,100,,,,,
9,5,1.8,7,3,2,,100,100,100,100,,,,,
9,6,1.8,32,3,1,,100,100,100,100,,,,,
9,7,1.8,32,3,0,,100,100,100,100,,,,,
9,8,1.8,32,3,2,,100,100,100,100,,,,,
9,9,1.8,7,3,1,,100,100,100,100,,,,,
9,10,1.8,32,3,0,,100,100,100,100,,,,,
9,11,1.8,32,3,2,,100,100,100,100,,,,,
9,0,15,10,0,-1,,100,100,100,100,,,,,
9,1,2.2,10,0,-1,,100,100,100,100,,,,,
9,2,2.2,10,0,-1,,100,100,100,100,,,,,
9,3,2.3,10,0,-1,,100,100,100,100,,,,,
9,4,1.8,8,0,-1,,100,100,100,100,,,,,
9,5,2.3,14,0,1,,100,100,100,100,,,,,
9,6,0,10,0,0,,100,100,100,100,,,,,
9,7,6,32,0,-1,,100,100,100,100,,,,,
9,8,1.8,32,0,-1,,100,100,100,100,,,,,
9,9,2.3,10,0,-1,,100,100,100,100,,,,,
9,10,1.8,32,0,1,,100,100,100,100,,,,,
9,11,0,32,0,0,,100,100,100,100,,,,,
9,12,0,14,0,2,,100,100,100,100,,,,,
9,13,2.3,32,0,-1,,100,100,100,100,,,,,
9,14,1.8,32,0,-1,,100,100,100,100,,,,,
9,15,2.3,14,0,2,,100,100,100,100,,,,,
9,16,1.8,14,0,-1,,100,100,100,100,,,,,
9,17,2.3,14,0,-1,,100,100,100,100,,,,,
9,18,1.8,14,0,-1,,100,100,100,100,,,,,
9,19,1,14,0,-1,,100,100,100,100,,,,,
9,20,1,14,0,-1,,100,100,100,100,,,,,
9,0,12,7,2,-1,,100,100,100,100,,,,,
9,1,2.2,7,2,-1,,100,100,100,100,,,,,
9,2,2.2,7,2,-1,,100,100,100,100,,,,,
9,3,2.3,9,2,-1,,100,100,100,100,,,,,
9,4,1.8,5,2,-1,,100,100,100,100,,,,,
9,5,2.3,7,2,-1,,100,100,100,100,,,,,
9,6,1.8,32,2,1,,100,100,100,100,,,,,
9,7,2.2,7,2,-1,,100,100,100,100,,,,,
9,8,2.3,7,2,-1,,100,100,100,100,,,,,
9,9,1.8,32,2,1,,100,100,100,100,,,,,
9,10,0,32,2,0,,100,100,100,100,,,,,
9,11,2.2,7,2,-1,,100,100,100,100,,,,,
9,12,2.3,14,2,-1,,100,100,100,100,,,,,
9,13,1.8,14,2,-1,,100,100,100,100,,,,,
9,14,2.3,14,2,-1,,100,100,100,100,,,,,
9,15,1.8,14,2,-1,,100,100,100,100,,,,,
9,16,2.2,14,2,-1,,100,100,100,100,,,,,
9,17,1.8,14,2,-1,,100,100,100,100,,,,,
10,0,0,4,1,1,,200,200,200,200,15,,,,
10,1,1.1,4,1,0,,200,200,200,200,15,,,,
10,2,0,32,1,1,,200,200,200,200,15,,,,
10,3,1.1,4,1,2,,200,200,200,200,15,,,,
10,4,0,32,1,0,,200,200,200,200,15,,,,
10,5,2.8,4,1,1,,200,200,200,200,15,,,,
10,6,1.1,4,1,0,,200,200,200,200,15,,,,
10,7,0,32,1,1,,200,200,200,200,15,,,,
10,8,1.1,4,1,2,,200,200,200,200,15,,,,
10,9,0,32,1,0,,200,200,200,200,15,,,,
10,10,2.8,4,1,1,,200,200,200,200,15,,,,
10,11,1.1,4,1,0,,200,200,200,200,15,,,,
10,12,0,32,1,1,,200,200,200,200,15,,,,
10,13,1.1,4,1,2,,200,200,200,200,15,,,,
10,14,0,32,1,0,,200,200,200,200,15,,,,
10,15,3.5,4,1,1,,200,200,200,200,15,,,,
10,16,0,4,1,0,,200,200,200,200,15,,,,
10,17,0.8,4,1,1,,200,200,200,200,15,,,,
10,18,0,4,1,0,,200,200,200,200,15,,,,
10,19,1.5,32,1,1,,200,200,200,200,15,,,,
10,0,12,6,2,2,,200,200,200,200,15,,,,
10,1,1.1,6,2,0,,200,200,200,200,15,,,,
10,2,0,32,2,2,,200,200,200,200,15,,,,
10,3,1.1,6,2,1,,200,200,200,200,15,,,,
10,4,0,32,2,0,,200,200,200,200,15,,,,
10,5,2.8,6,2,2,,200,200,200,200,15,,,,
10,6,1.1,6,2,0,,200,200,200,200,15,,,,
10,7,0,32,2,2,,200,200,200,200,15,,,,
10,8,1.1,6,2,1,,200,200,200,200,15,,,,
10,9,0,32,2,0,,200,200,200,200,15,,,,
10,10,2.8,6,2,2,,200,200,200,200,15,,,,
10,11,1.1,6,2,0,,200,200,200,200,15,,,,
10,12,0,32,2,2,,200,200,200,200,15,,,,
10,13,1.1,6,2,1,,200,200,200,200,15,,,,
10,14,0,32,2,0,,200,200,200,200,15,,,,
10,10,3.5,6,2,0,,200,200,200,200,15,,,,
10,11,0,6,2,2,,200,200,200,200,15,,,,
10,12,0.8,6,2,0,,200,200,200,200,15,,,,
10,13,0,6,2,2,,200,200,200,200,15,,,,
10,14,1.5,32,2,0,,200,200,200,200,15,,,,
10,15,0,32,2,2,,200,200,200,200,15,,,,
10,16,2.8,6,2,1,,200,200,200,200,15,,,,
10,17,0,6,2,2,,200,200,200,200,15,,,,
10,18,0,6,2,0,,200,200,200,200,15,,,,
10,19,0.8,6,2,1,,200,200,200,200,15,,,,
10,20,0,6,2,2,,200,200,200,200,15,,,,
10,21,0,6,2,0,,200,200,200,200,15,,,,
10,22,1.5,32,2,1,,200,200,200,200,15,,,,
10,23,0,32,2,2,,200,200,200,200,15,,,,
10,0,8,32,0,-1,,200,200,200,200,15,,,,
10,1,2.3,32,0,-1,,200,200,200,200,15,,,,
10,2,1.8,32,0,-1,,200,200,200,200,15,,,,
10,3,2.3,32,0,-1,,200,200,200,200,15,,,,
10,4,1.8,32,0,-1,,200,200,200,200,15,,,,
10,5,2.2,32,0,-1,,200,200,200,200,15,,,,
10,6,1.8,32,0,-1,,200,200,200,200,15,,,,
10,7,2.3,32,0,-1,,200,200,200,200,15,,,,
10,8,1.8,32,0,-1,,200,200,200,200,15,,,,
10,9,2.2,32,0,-1,,200,200,200,200,15,,,,
11,0,0,3,1,1,,200,200,200,200,15,,,,
11,1,0,3,1,0,,200,200,200,200,15,,,,
11,2,2,3,1,2,,200,200,200,200,15,,,,
11,3,0,3,1,0,,200,200,200,200,15,,,,
11,4,2.5,3,1,1,,200,200,200,200,15,,,,
11,5,0,3,1,0,,200,200,200,200,15,,,,
11,6,0,3,1,2,,200,200,200,200,15,,,,
11,7,0.7,3,1,1,,200,200,200,200,15,,,,
11,8,0,3,1,0,,200,200,200,200,15,,,,
11,9,0,3,1,2,,200,200,200,200,15,,,,
11,10,1.8,32,1,1,,200,200,200,200,15,,,,
11,11,0,32,1,0,,200,200,200,200,15,,,,
11,12,0,32,1,2,,200,200,200,200,15,,,,
11,13,2.5,3,1,1,,200,200,200,200,15,,,,
11,14,0,3,1,0,,200,200,200,200,15,,,,
11,15,0,3,1,2,,200,200,200,200,15,,,,
11,16,0.7,3,1,1,,200,200,200,200,15,,,,
11,17,0,3,1,0,,200,200,200,200,15,,,,
11,18,0,3,1,2,,200,200,200,200,15,,,,
11,19,1.8,32,1,1,,200,200,200,200,15,,,,
11,20,0,32,1,0,,200,200,200,200,15,,,,
11,21,0,32,1,2,,200,200,200,200,15,,,,
11,22,2.2,3,1,0,,200,200,200,200,15,,,,
11,23,0,32,1,2,,200,200,200,200,15,,,,
11,24,2,3,1,0,,200,200,200,200,15,,,,
11,25,0,32,1,1,,200,200,200,200,15,,,,
11,26,2.2,3,1,0,,200,200,200,200,15,,,,
11,27,0,32,1,2,,200,200,200,200,15,,,,
11,28,2,3,1,0,,200,200,200,200,15,,,,
11,29,0,32,1,1,,200,200,200,200,15,,,,
11,0,5,4,0,0,,200,200,200,200,15,,,,
11,1,0,4,0,2,,200,200,200,200,15,,,,
11,2,2.2,6,0,1,,200,200,200,200,15,,,,
11,3,0,6,0,0,,200,200,200,200,15,,,,
11,4,2.2,4,0,0,,200,200,200,200,15,,,,
11,5,0,4,0,2,,200,200,200,200,15,,,,
11,6,2.2,6,0,1,,200,200,200,200,15,,,,
11,7,0,6,0,0,,200,200,200,200,15,,,,
11,8,2,4,0,1,,200,200,200,200,15,,,,
11,9,0,4,0,0,,200,200,200,200,15,,,,
11,10,0,4,0,2,,200,200,200,200,15,,,,
11,11,1.2,4,0,1,,200,200,200,200,15,,,,
11,12,0,4,0,0,,200,200,200,200,15,,,,
11,13,0,4,0,2,,200,200,200,200,15,,,,
11,14,2,6,0,1,,200,200,200,200,15,,,,
11,15,0,6,0,0,,200,200,200,200,15,,,,
11,16,0,6,0,2,,200,200,200,200,15,,,,
11,0,10,32,3,1,,200,200,200,200,15,,,,
11,1,2,32,3,1,,200,200,200,200,15,,,,
11,2,0.6,32,3,0,,200,200,200,200,15,,,,
11,3,0.6,32,3,2,,200,200,200,200,15,,,,
11,4,2.5,32,3,2,,200,200,200,200,15,,,,
11,5,2,32,3,2,,200,200,200,200,15,,,,
11,6,0.6,32,3,0,,200,200,200,200,15,,,,
11,7,0.6,32,3,1,,200,200,200,200,15,,,,
11,8,2.5,6,3,1,,200,200,200,200,15,,,,
11,9,0,6,3,0,,200,200,200,200,15,,,,
11,10,0,6,3,2,,200,200,200,200,15,,,,
11,11,0.8,6,3,1,,200,200,200,200,15,,,,
11,12,0,6,3,0,,200,200,200,200,15,,,,
11,13,0,6,3,2,,200,200,200,200,15,,,,
11,14,2,32,3,1,,200,200,200,200,15,,,,
11,15,0,32,3,0,,200,200,200,200,15,,,,
11,16,0,32,3,2,,200,200,200,200,15,,,,
11,17,2,6,3,1,,200,200,200,200,15,,,,
11,18,0,6,3,0,,200,200,200,200,15,,,,
11,19,0,6,3,2,,200,200,200,200,15,,,,
11,20,0.8,6,3,1,,200,200,200,200,15,,,,
11,21,0,6,3,0,,200,200,200,200,15,,,,
11,22,0,6,3,2,,200,200,200,200,15,,,,
11,23,2,32,3,1,,200,200,200,200,15,,,,
11,24,0,32,3,0,,200,200,200,200,15,,,,
11,25,0,32,3,2,,200,200,200,200,15,,,,
12,0,0,7,2,-1,,200,200,200,200,15,,,,
12,1,2,15,2,-1,,200,200,200,200,15,,,,
12,2,2,15,2,-1,,200,200,200,200,15,,,,
12,3,2,7,2,-1,,200,200,200,200,15,,,,
12,4,1.8,15,2,-1,,200,200,200,200,15,,,,
12,5,2,7,2,-1,,200,200,200,200,15,,,,
12,6,2,7,2,-1,,200,200,200,200,15,,,,
12,7,2,15,2,-1,,200,200,200,200,15,,,,
12,8,2,15,2,-1,,200,200,200,200,15,,,,
12,9,7,7,2,-1,,200,200,200,200,15,,,,
12,10,2,15,2,-1,,200,200,200,200,15,,,,
12,11,1.8,15,2,-1,,200,200,200,200,15,,,,
12,12,2,7,2,-1,,200,200,200,200,15,,,,
12,13,2,15,2,-1,,200,200,200,200,15,,,,
12,14,2,7,2,-1,,200,200,200,200,15,,,,
12,15,1.8,7,2,-1,,200,200,200,200,15,,,,
12,16,2,15,2,-1,,200,200,200,200,15,,,,
12,17,2,15,2,-1,,200,200,200,200,15,,,,
12,18,2,7,2,-1,,200,200,200,200,15,,,,
12,19,2,15,2,-1,,200,200,200,200,15,,,,
12,20,2,7,2,-1,,200,200,200,200,15,,,,
12,21,1.8,7,2,-1,,200,200,200,200,15,,,,
12,22,2,15,2,-1,,200,200,200,200,15,,,,
12,23,2.3,15,2,-1,,200,200,200,200,15,,,,
12,0,8,32,0,1,,200,200,200,200,15,,,,
12,1,2,32,0,0,,200,200,200,200,15,,,,
12,2,2,32,0,2,,200,200,200,200,15,,,,
12,3,2.3,32,0,2,,200,200,200,200,15,,,,
12,4,2,32,0,2,,200,200,200,200,15,,,,
12,5,1.8,32,0,2,,200,200,200,200,15,,,,
12,6,2,4,0,0,,200,200,200,200,15,,,,
12,7,2,4,0,1,,200,200,200,200,15,,,,
12,8,2,4,0,2,,200,200,200,200,15,,,,
12,9,2.3,32,0,1,,200,200,200,200,15,,,,
12,10,2,32,0,1,,200,200,200,200,15,,,,
12,11,1.8,32,0,1,,200,200,200,200,15,,,,
12,12,2,32,0,1,,200,200,200,200,15,,,,
12,13,2.3,32,0,-1,,200,200,200,200,15,,,,
12,14,2,32,0,-1,,200,200,200,200,15,,,,
12,0,15,32,1,1,,200,200,200,200,15,,,,
12,1,2.3,32,1,0,,200,200,200,200,15,,,,
12,2,2,32,1,2,,200,200,200,200,15,,,,
12,3,1.8,15,1,-1,,200,200,200,200,15,,,,
12,4,2,32,1,1,,200,200,200,200,15,,,,
12,5,2,32,1,0,,200,200,200,200,15,,,,
12,6,2,32,1,2,,200,200,200,200,15,,,,
12,7,2.3,15,1,-1,,200,200,200,200,15,,,,
12,8,2,32,1,1,,200,200,200,200,15,,,,
12,9,1.8,32,1,0,,200,200,200,200,15,,,,
12,10,2,32,1,2,,200,200,200,200,15,,,,
12,11,2.3,15,1,-1,,200,200,200,200,15,,,,
12,12,2,32,1,1,,200,200,200,200,15,,,,
12,13,1.8,32,1,0,,200,200,200,200,15,,,,
12,14,2,32,1,2,,200,200,200,200,15,,,,
12,15,2.3,15,1,-1,,200,200,200,200,15,,,,
13,0,0,6,1,-1,,200,200,200,200,15,,,,
13,1,2.3,6,1,-1,,200,200,200,200,15,,,,
13,2,2,6,1,-1,,200,200,200,200,15,,,,
13,3,1.8,6,1,-1,,200,200,200,200,15,,,,
13,4,2,6,1,-1,,200,200,200,200,15,,,,
13,5,2.3,24,1,0,,200,200,200,200,15,,,,
13,6,2,24,1,2,,200,200,200,200,15,,,,
13,7,1.8,24,1,2,,200,200,200,200,15,,,,
13,8,1.6,24,1,0,,200,200,200,200,15,,,,
13,9,2,6,1,1,,200,200,200,200,15,,,,
13,10,0,6,1,0,,200,200,200,200,15,,,,
13,11,2,6,1,0,,200,200,200,200,15,,,,
13,12,0,6,1,2,,200,200,200,200,15,,,,
13,13,1.8,24,1,-1,,200,200,200,200,15,,,,
13,14,1.6,24,1,-1,,200,200,200,200,15,,,,
13,15,2,24,1,-1,,200,200,200,200,15,,,,
13,0,8,4,3,1,,200,200,200,200,15,,,,
13,1,0,4,3,0,,200,200,200,200,15,,,,
13,2,0,4,3,2,,200,200,200,200,15,,,,
13,3,0.6,4,3,1,,200,200,200,200,15,,,,
13,4,0,4,3,0,,200,200,200,200,15,,,,
13,5,0,4,3,2,,200,200,200,200,15,,,,
13,6,2,6,3,1,,200,200,200,200,15,,,,
13,7,0,6,3,0,,200,200,200,200,15,,,,
13,8,0,6,3,2,,200,200,200,200,15,,,,
13,9,2.3,4,3,1,,200,200,200,200,15,,,,
13,10,0,4,3,0,,200,200,200,200,15,,,,
13,11,1.6,6,3,2,,200,200,200,200,15,,,,
13,12,0,6,3,0,,200,200,200,200,15,,,,
13,13,1.8,4,3,1,,200,200,200,200,15,,,,
13,14,0,4,3,0,,200,200,200,200,15,,,,
13,15,2.3,6,3,2,,200,200,200,200,15,,,,
13,16,0,6,3,0,,200,200,200,200,15,,,,
13,17,1.6,4,3,1,,200,200,200,200,15,,,,
13,18,0,4,3,0,,200,200,200,200,15,,,,
13,19,1.8,6,3,2,,200,200,200,200,15,,,,
13,20,0,6,3,0,,200,200,200,200,15,,,,
13,0,14,15,2,0,,200,200,200,200,15,,,,
13,1,1.8,15,2,1,,200,200,200,200,15,,,,
13,2,0,15,2,2,,200,200,200,200,15,,,,
13,3,2.2,4,2,0,,200,200,200,200,15,,,,
13,4,0,4,2,1,,200,200,200,200,15,,,,
13,5,0,4,2,2,,200,200,200,200,15,,,,
13,6,0.8,32,2,0,,200,200,200,200,15,,,,
13,7,0,32,2,1,,200,200,200,200,15,,,,
13,8,0,32,2,2,,200,200,200,200,15,,,,
13,9,0.6,15,2,-1,,200,200,200,200,15,,,,
13,10,2.2,4,2,0,,200,200,200,200,15,,,,
13,11,0,4,2,1,,200,200,200,200,15,,,,
13,12,0,4,2,2,,200,200,200,200,15,,,,
13,13,0.8,32,2,0,,200,200,200,200,15,,,,
13,14,0,32,2,1,,200,200,200,200,15,,,,
13,15,0,32,2,2,,200,200,200,200,15,,,,
13,16,2.2,15,2,-1,,200,200,200,200,15,,,,
13,17,0,4,2,-1,,200,200,200,200,15,,,,
13,18,2.2,4,2,-1,,200,200,200,200,15,,,,
13,19,0,15,2,-1,,200,200,200,200,15,,,,
13,0,14,32,0,1,,200,200,200,200,15,,,,
13,1,1.4,32,0,1,,200,200,200,200,15,,,,
13,2,0,32,0,0,,200,200,200,200,15,,,,
13,3,2.2,6,0,2,,200,200,200,200,15,,,,
13,4,1.4,6,0,2,,200,200,200,200,15,,,,
13,5,0,6,0,0,,200,200,200,200,15,,,,
13,6,2.5,6,0,1,,200,200,200,200,15,,,,
13,7,0,6,0,0,,200,200,200,200,15,,,,
13,8,0,6,0,2,,200,200,200,200,15,,,,
13,9,0.7,32,0,1,,200,200,200,200,15,,,,
13,10,0,32,0,0,,200,200,200,200,15,,,,
13,11,0,32,0,2,,200,200,200,200,15,,,,
13,12,2.5,6,0,1,,200,200,200,200,15,,,,
13,13,0,6,0,0,,200,200,200,200,15,,,,
13,14,0,6,0,2,,200,200,200,200,15,,,,
13,15,0.7,32,0,1,,200,200,200,200,15,,,,
13,16,0,32,0,0,,200,200,200,200,15,,,,
13,17,0,32,0,2,,200,200,200,200,15,,,,
13,18,2,6,0,-1,,200,200,200,200,15,,,,
13,19,1.8,32,0,-1,,200,200,200,200,15,,,,
13,20,2,6,0,-1,,200,200,200,200,15,,,,
13,21,1,32,0,-1,,200,200,200,200,15,,,,
13,22,1.8,32,0,-1,,200,200,200,200,15,,,,
13,23,1,32,0,-1,,200,200,200,200,15,,,,
14,0,0,32,1,1,,200,200,200,200,15,,,,
14,1,1.5,32,1,0,,200,200,200,200,15,,,,
14,2,1.2,32,1,0,,200,200,200,200,15,,,,
14,3,2,32,1,0,,200,200,200,200,15,,,,
14,4,1.8,23,1,2,,200,200,200,200,15,,,,
14,5,1.8,23,1,0,,200,200,200,200,15,,,,
14,6,1.8,23,1,1,,200,200,200,200,15,,,,
14,7,9,6,1,1,,200,200,200,200,15,,,,
14,8,0,6,1,0,,200,200,200,200,15,,,,
14,9,0.6,6,1,1,,200,200,200,200,15,,,,
14,10,0,6,1,0,,200,200,200,200,15,,,,
14,11,0,6,1,2,,200,200,200,200,15,,,,
14,12,2.2,32,1,1,,200,200,200,200,15,,,,
14,13,0,23,1,0,,200,200,200,200,15,,,,
14,14,0.6,32,1,1,,200,200,200,200,15,,,,
14,0,8,24,0,1,,200,200,200,200,15,,,,
14,1,1.8,24,0,0,,200,200,200,200,15,,,,
14,2,1.8,24,0,0,,200,200,200,200,15,,,,
14,3,1.8,24,0,1,,200,200,200,200,15,,,,
14,4,2,32,0,2,,200,200,200,200,15,,,,
14,5,0.7,32,0,0,,200,200,200,200,15,,,,
14,6,0,32,0,2,,200,200,200,200,15,,,,
14,7,2,32,0,1,,200,200,200,200,15,,,,
14,8,0.7,32,0,0,,200,200,200,200,15,,,,
14,9,0,32,0,1,,200,200,200,200,15,,,,
14,10,0.7,32,0,1,,200,200,200,200,15,,,,
14,11,7,32,0,1,,200,200,200,200,15,,,,
14,12,0,32,0,0,,200,200,200,200,15,,,,
14,13,0,32,0,2,,200,200,200,200,15,,,,
14,14,0.7,32,0,1,,200,200,200,200,15,,,,
14,15,0,32,0,0,,200,200,200,200,15,,,,
14,16,0,32,0,2,,200,200,200,200,15,,,,
14,0,4,24,2,0,,200,200,200,200,15,,,,
14,1,2,24,2,1,,200,200,200,200,15,,,,
14,2,0,24,2,2,,200,200,200,200,15,,,,
14,3,2.5,23,2,1,,200,200,200,200,15,,,,
14,4,0,23,2,0,,200,200,200,200,15,,,,
14,5,2.7,24,2,-1,,200,200,200,200,15,,,,
14,6,1,23,2,2,,200,200,200,200,15,,,,
14,7,0,23,2,0,,200,200,200,200,15,,,,
14,8,2,24,2,1,,200,200,200,200,15,,,,
14,9,2,24,2,1,,200,200,200,200,15,,,,
14,10,2,23,2,2,,200,200,200,200,15,,,,
14,11,0,23,2,0,,200,200,200,200,15,,,,
14,12,2,24,2,2,,200,200,200,200,15,,,,
14,13,2,23,2,0,,200,200,200,200,15,,,,
14,14,2,23,2,0,,200,200,200,200,15,,,,
14,15,2,24,2,2,,200,200,200,200,15,,,,
14,16,2,23,2,-1,,200,200,200,200,15,,,,
14,17,2.2,24,2,-1,,200,200,200,200,15,,,,
14,18,1.8,24,2,-1,,200,200,200,200,15,,,,
14,19,2.5,24,2,-1,,200,200,200,200,15,,,,
14,0,18,15,3,-1,,200,200,200,200,15,,,,
14,1,2,15,3,-1,,200,200,200,200,15,,,,
14,2,2,32,3,0,,200,200,200,200,15,,,,
14,3,1.8,32,3,2,,200,200,200,200,15,,,,
14,4,1.8,32,3,0,,200,200,200,200,15,,,,
14,5,1.8,32,3,0,,200,200,200,200,15,,,,
14,6,2,15,3,-1,,200,200,200,200,15,,,,
14,7,1.8,15,3,-1,,200,200,200,200,15,,,,
14,8,2,15,3,-1,,200,200,200,200,15,,,,
14,9,1.5,15,3,-1,,200,200,200,200,15,,,,
14,10,1.7,32,3,1,,200,200,200,200,15,,,,
14,11,0,32,3,2,,200,200,200,200,15,,,,
14,12,1.7,32,3,1,,200,200,200,200,15,,,,
14,13,0,32,3,2,,200,200,200,200,15,,,,
14,14,2,15,3,-1,,200,200,200,200,15,,,,
15,0,0,22,2,-1,,400,400,400,400,15,,,,
15,1,2.8,22,2,-1,,400,400,400,400,15,,,,
15,2,2.8,22,2,-1,,400,400,400,400,15,,,,
15,3,1.8,15,2,-1,,400,400,400,400,15,,,,
15,4,2.8,22,2,-1,,400,400,400,400,15,,,,
15,5,2.2,15,2,-1,,400,400,400,400,15,,,,
15,6,2.8,22,2,-1,,400,400,400,400,15,,,,
15,7,2,5,2,-1,,400,400,400,400,15,,,,
15,8,2.2,15,2,-1,,400,400,400,400,15,,,,
15,9,2.8,22,2,-1,,400,400,400,400,15,,,,
15,10,2,5,2,-1,,400,400,400,400,15,,,,
15,11,2.2,15,2,-1,,400,400,400,400,15,,,,
15,12,1.8,5,2,-1,,400,400,400,400,15,,,,
15,13,2,15,2,-1,,400,400,400,400,15,,,,
15,14,2,22,2,-1,,400,400,400,400,15,,,,
15,15,2.4,22,2,-1,,400,400,400,400,15,,,,
15,16,12,22,2,-1,,400,400,400,400,15,,,,
15,17,1.5,15,2,-1,,400,400,400,400,15,,,,
15,18,1.8,22,2,-1,,400,400,400,400,15,,,,
15,19,2,5,2,-1,,400,400,400,400,15,,,,
15,20,1.5,22,2,-1,,400,400,400,400,15,,,,
15,21,1.8,15,2,-1,,400,400,400,400,15,,,,
15,22,1.5,15,2,-1,,400,400,400,400,15,,,,
15,23,1.8,22,2,-1,,400,400,400,400,15,,,,
15,24,2,15,2,-1,,400,400,400,400,15,,,,
15,0,6,24,1,0,,400,400,400,400,15,,,,
15,1,2.7,24,1,1,,400,400,400,400,15,,,,
15,2,0,24,1,2,,400,400,400,400,15,,,,
15,3,2.5,23,1,1,,400,400,400,400,15,,,,
15,4,0,23,1,0,,400,400,400,400,15,,,,
15,5,2.7,24,1,-1,,400,400,400,400,15,,,,
15,6,2.7,23,1,2,,400,400,400,400,15,,,,
15,7,0,23,1,0,,400,400,400,400,15,,,,
15,8,2,24,1,1,,400,400,400,400,15,,,,
15,9,2.7,24,1,1,,400,400,400,400,15,,,,
15,10,2,23,1,2,,400,400,400,400,15,,,,
15,11,0,23,1,0,,400,400,400,400,15,,,,
15,12,2.7,24,1,2,,400,400,400,400,15,,,,
15,13,2,23,1,0,,400,400,400,400,15,,,,
15,14,2.7,23,1,0,,400,400,400,400,15,,,,
15,15,2,24,1,2,,400,400,400,400,15,,,,
15,16,2.7,23,1,-1,,400,400,400,400,15,,,,
15,17,2.2,24,1,-1,,400,400,400,400,15,,,,
15,18,1.8,24,1,-1,,400,400,400,400,15,,,,
15,19,2.5,24,1,-1,,400,400,400,400,15,,,,
15,0,12,4,3,1,,400,400,400,400,15,,,,
15,1,0,4,3,0,,400,400,400,400,15,,,,
15,2,0.8,4,3,1,,400,400,400,400,15,,,,
15,3,0,4,3,0,,400,400,400,400,15,,,,
15,4,0,4,3,2,,400,400,400,400,15,,,,
15,5,2.2,24,3,1,,400,400,400,400,15,,,,
15,6,2.7,24,3,0,,400,400,400,400,15,,,,
15,7,2.5,24,3,2,,400,400,400,400,15,,,,
15,8,2.2,24,3,0,,400,400,400,400,15,,,,
15,9,2.7,24,3,1,,400,400,400,400,15,,,,
15,10,2.7,24,3,0,,400,400,400,400,15,,,,
15,11,1.8,24,3,2,,400,400,400,400,15,,,,
15,12,2.7,4,3,1,,400,400,400,400,15,,,,
15,13,1.8,4,3,0,,400,400,400,400,15,,,,
15,14,2,4,3,0,,400,400,400,400,15,,,,
15,15,1.5,4,3,2,,400,400,400,400,15,,,,
16,0,0,6,0,1,,400,400,400,400,15,,,,
16,1,0,6,0,0,,400,400,400,400,15,,,,
16,2,0,6,0,2,,400,400,400,400,15,,,,
16,3,0.8,6,0,1,,400,400,400,400,15,,,,
16,4,0,6,0,0,,400,400,400,400,15,,,,
16,5,0,6,0,2,,400,400,400,400,15,,,,
16,6,2,23,0,1,,400,400,400,400,15,,,,
16,7,0,23,0,0,,400,400,400,400,15,,,,
16,8,0,23,0,2,,400,400,400,400,15,,,,
16,9,1.8,6,0,0,,400,400,400,400,15,,,,
16,10,0,6,0,1,,400,400,400,400,15,,,,
16,11,2,6,0,0,,400,400,400,400,15,,,,
16,12,0,6,0,2,,400,400,400,400,15,,,,
16,13,2.2,6,0,1,,400,400,400,400,15,,,,
16,14,1.8,6,0,0,,400,400,400,400,15,,,,
16,15,2.5,6,0,2,,400,400,400,400,15,,,,
16,16,2.2,23,0,0,,400,400,400,400,15,,,,
16,17,1.8,23,0,1,,400,400,400,400,15,,,,
16,18,1.8,23,0,0,,400,400,400,400,15,,,,
16,19,1.8,23,0,2,,400,400,400,400,15,,,,
16,0,8,22,3,-1,,400,400,400,400,15,,,,
16,1,2,22,3,-1,,400,400,400,400,15,,,,
16,2,2.3,22,3,-1,,400,400,400,400,15,,,,
16,3,2,32,3,-1,,400,400,400,400,15,,,,
16,4,1.8,22,3,-1,,400,400,400,400,15,,,,
16,5,2,32,3,-1,,400,400,400,400,15,,,,
16,6,2.3,22,3,-1,,400,400,400,400,15,,,,
16,7,2,22,3,-1,,400,400,400,400,15,,,,
16,8,1.8,32,3,-1,,400,400,400,400,15,,,,
16,9,2,32,3,-1,,400,400,400,400,15,,,,
16,10,2.3,22,3,1,,400,400,400,400,15,,,,
16,11,0,22,3,0,,400,400,400,400,15,,,,
16,12,1.8,32,3,-1,,400,400,400,400,15,,,,
16,13,1.8,32,3,-1,,400,400,400,400,15,,,,
16,14,2,32,3,-1,,400,400,400,400,15,,,,
16,15,2.3,22,3,-1,,400,400,400,400,15,,,,
16,16,2,22,3,-1,,400,400,400,400,15,,,,
16,17,1.8,32,3,-1,,400,400,400,400,15,,,,
16,18,2,22,3,-1,,400,400,400,400,15,,,,
16,19,2.3,32,3,2,,400,400,400,400,15,,,,
16,20,0,22,3,0,,400,400,400,400,15,,,,
16,21,1.8,32,3,-1,,400,400,400,400,15,,,,
16,22,1.8,32,3,-1,,400,400,400,400,15,,,,
16,0,8,4,1,1,,400,400,400,400,15,,,,
16,1,0,4,1,0,,400,400,400,400,15,,,,
16,2,0.6,4,1,1,,400,400,400,400,15,,,,
16,3,0,4,1,0,,400,400,400,400,15,,,,
16,4,0,4,1,2,,400,400,400,400,15,,,,
16,5,1,20,1,-1,,400,400,400,400,15,,,,
16,6,1.6,4,1,1,,400,400,400,400,15,,,,
16,7,1.6,4,1,0,,400,400,400,400,15,,,,
16,8,1.6,4,1,0,,400,400,400,400,15,,,,
16,9,1.6,4,1,1,,400,400,400,400,15,,,,
16,10,1.8,4,1,2,,400,400,400,400,15,,,,
16,11,0,4,1,0,,400,400,400,400,15,,,,
16,12,1.7,20,1,-1,,400,400,400,400,15,,,,
16,13,2,20,1,-1,,400,400,400,400,15,,,,
16,14,2.3,4,1,-1,,400,400,400,400,15,,,,
16,15,2,4,1,-1,,400,400,400,400,15,,,,
16,16,1.8,4,1,-1,,400,400,400,400,15,,,,
16,17,2,4,1,-1,,400,400,400,400,15,,,,
16,18,2.3,4,1,2,,400,400,400,400,15,,,,
16,19,0,20,1,0,,400,400,400,400,15,,,,
16,20,1.8,4,1,-1,,400,400,400,400,15,,,,
16,21,2,4,1,-1,,400,400,400,400,15,,,,
16,22,2.3,4,1,-1,,400,400,400,400,15,,,,
16,23,2,4,1,-1,,400,400,400,400,15,,,,
16,24,1.8,4,1,2,,400,400,400,400,15,,,,
17,0,0,3,2,1,,400,400,400,400,15,,,,
17,1,0,3,2,2,,400,400,400,400,15,,,,
17,2,1.8,3,2,1,,400,400,400,400,15,,,,
17,3,0,3,2,2,,400,400,400,400,15,,,,
17,4,2,32,2,1,,400,400,400,400,15,,,,
17,5,0,32,2,0,,400,400,400,400,15,,,,
17,6,0,32,2,1,,400,400,400,400,15,,,,
17,7,1.4,6,2,-1,,400,400,400,400,15,,,,
17,8,1.8,6,2,-1,,400,400,400,400,15,,,,
17,9,1.2,6,2,-1,,400,400,400,400,15,,,,
17,10,2,32,2,-1,,400,400,400,400,15,,,,
17,11,1.8,6,2,-1,,400,400,400,400,15,,,,
17,12,1.8,6,2,-1,,400,400,400,400,15,,,,
17,13,1.2,32,2,-1,,400,400,400,400,15,,,,
17,14,2,6,2,-1,,400,400,400,400,15,,,,
17,15,2,3,2,1,,400,400,400,400,15,,,,
17,16,0,3,2,0,,400,400,400,400,15,,,,
17,17,0,3,2,2,,400,400,400,400,15,,,,
17,18,0.8,3,2,1,,400,400,400,400,15,,,,
17,19,0,3,2,0,,400,400,400,400,15,,,,
17,20,0,3,2,2,,400,400,400,400,15,,,,
17,21,2,32,2,1,,400,400,400,400,15,,,,
17,22,0,32,2,0,,400,400,400,400,15,,,,
17,23,0,32,2,2,,400,400,400,400,15,,,,
17,24,2,3,2,1,,400,400,400,400,15,,,,
17,25,0,3,2,0,,400,400,400,400,15,,,,
17,26,0,3,2,2,,400,400,400,400,15,,,,
17,27,2,32,2,1,,400,400,400,400,15,,,,
17,28,0,32,2,0,,400,400,400,400,15,,,,
17,29,0,32,2,2,,400,400,400,400,15,,,,
17,0,8,15,0,0,,400,400,400,400,15,,,,
17,1,1.8,15,0,1,,400,400,400,400,15,,,,
17,2,0,15,0,2,,400,400,400,400,15,,,,
17,3,2.2,23,0,0,,400,400,400,400,15,,,,
17,4,0,23,0,1,,400,400,400,400,15,,,,
17,5,0,23,0,2,,400,400,400,400,15,,,,
17,6,0.8,32,0,0,,400,400,400,400,15,,,,
17,7,0,32,0,1,,400,400,400,400,15,,,,
17,8,0,32,0,2,,400,400,400,400,15,,,,
17,9,0.6,15,0,-1,,400,400,400,400,15,,,,
17,10,2.2,23,0,0,,400,400,400,400,15,,,,
17,11,0,23,0,1,,400,400,400,400,15,,,,
17,12,0,23,0,2,,400,400,400,400,15,,,,
17,13,0.8,32,0,0,,400,400,400,400,15,,,,
17,14,0,32,0,1,,400,400,400,400,15,,,,
17,0,14,22,1,-1,,400,400,400,400,15,,,,
17,1,2,22,1,-1,,400,400,400,400,15,,,,
17,2,2.3,22,1,-1,,400,400,400,400,15,,,,
17,3,2,32,1,-1,,400,400,400,400,15,,,,
17,4,1.8,20,1,-1,,400,400,400,400,15,,,,
17,5,2,32,1,-1,,400,400,400,400,15,,,,
17,6,2.3,22,1,-1,,400,400,400,400,15,,,,
17,7,2,22,1,-1,,400,400,400,400,15,,,,
17,8,1.8,32,1,-1,,400,400,400,400,15,,,,
17,9,2,32,1,-1,,400,400,400,400,15,,,,
17,10,2.3,20,1,1,,400,400,400,400,15,,,,
17,11,0,22,1,0,,400,400,400,400,15,,,,
17,12,1.8,32,1,-1,,400,400,400,400,15,,,,
17,13,1.8,32,1,-1,,400,400,400,400,15,,,,
17,14,2,32,1,-1,,400,400,400,400,15,,,,
17,15,2.3,22,1,-1,,400,400,400,400,15,,,,
17,16,2,20,1,-1,,400,400,400,400,15,,,,
18,0,1.8,20,2,-1,,400,400,400,400,15,,,,
18,1,2,32,2,-1,,400,400,400,400,15,,,,
18,2,2.3,32,2,-1,,400,400,400,400,15,,,,
18,3,2,32,2,-1,,400,400,400,400,15,,,,
18,4,1.8,32,2,-1,,400,400,400,400,15,,,,
18,5,2,32,2,-1,,400,400,400,400,15,,,,
18,6,2,23,2,1,,400,400,400,400,15,,,,
18,7,0,23,2,0,,400,400,400,400,15,,,,
18,8,1.8,32,2,-1,,400,400,400,400,15,,,,
18,9,2,32,2,-1,,400,400,400,400,15,,,,
18,10,2.3,20,2,-1,,400,400,400,400,15,,,,
18,11,2,32,2,-1,,400,400,400,400,15,,,,
18,12,1.8,32,2,-1,,400,400,400,400,15,,,,
18,13,7,23,2,0,,400,400,400,400,15,,,,
18,14,0,23,2,2,,400,400,400,400,15,,,,
18,15,2,23,2,1,,400,400,400,400,15,,,,
18,16,0,23,2,0,,400,400,400,400,15,,,,
18,17,1.8,32,2,-1,,400,400,400,400,15,,,,
18,18,2,32,2,-1,,400,400,400,400,15,,,,
18,19,2.3,20,2,-1,,400,400,400,400,15,,,,
18,20,2,32,2,-1,,400,400,400,400,15,,,,
18,0,6,20,1,-1,,400,400,400,400,15,,,,
18,1,2,32,1,-1,,400,400,400,400,15,,,,
18,2,2.3,32,1,-1,,400,400,400,400,15,,,,
18,3,2,32,1,-1,,400,400,400,400,15,,,,
18,4,1.8,32,1,-1,,400,400,400,400,15,,,,
18,5,2,32,1,-1,,400,400,400,400,15,,,,
18,6,2,24,1,1,,400,400,400,400,15,,,,
18,7,0,24,1,0,,400,400,400,400,15,,,,
18,8,1.8,32,1,-1,,400,400,400,400,15,,,,
18,9,2,32,1,-1,,400,400,400,400,15,,,,
18,10,2.3,20,1,-1,,400,400,400,400,15,,,,
18,11,2,32,1,-1,,400,400,400,400,15,,,,
18,12,1.8,32,1,-1,,400,400,400,400,15,,,,
18,13,7,24,1,0,,400,400,400,400,15,,,,
18,14,0,24,1,2,,400,400,400,400,15,,,,
18,15,2,24,1,1,,400,400,400,400,15,,,,
18,16,0,24,1,0,,400,400,400,400,15,,,,
18,17,1.8,32,1,-1,,400,400,400,400,15,,,,
18,18,2,32,1,-1,,400,400,400,400,15,,,,
18,19,2.3,20,1,-1,,400,400,400,400,15,,,,
18,20,2,32,1,-1,,400,400,400,400,15,,,,
18,21,1.8,20,1,-1,,400,400,400,400,15,,,,
18,0,12,22,0,-1,,400,400,400,400,15,,,,
18,1,2,22,0,-1,,400,400,400,400,15,,,,
18,2,2.3,22,0,-1,,400,400,400,400,15,,,,
18,3,2,23,0,-1,,400,400,400,400,15,,,,
18,4,1.8,22,0,-1,,400,400,400,400,15,,,,
18,5,2,23,0,-1,,400,400,400,400,15,,,,
18,6,2.3,22,0,-1,,400,400,400,400,15,,,,
18,7,2,22,0,-1,,400,400,400,400,15,,,,
18,8,1.8,23,0,-1,,400,400,400,400,15,,,,
18,9,2,23,0,-1,,400,400,400,400,15,,,,
18,10,2.3,22,0,1,,400,400,400,400,15,,,,
18,11,0,22,0,0,,400,400,400,400,15,,,,
18,12,1.8,23,0,-1,,400,400,400,400,15,,,,
18,13,1.8,23,0,-1,,400,400,400,400,15,,,,
18,14,2,23,0,-1,,400,400,400,400,15,,,,
18,15,2.3,22,0,-1,,400,400,400,400,15,,,,
18,16,2,22,0,-1,,400,400,400,400,15,,,,
18,17,1.8,23,0,-1,,400,400,400,400,15,,,,
18,18,2,22,0,-1,,400,400,400,400,15,,,,
18,19,2.3,23,0,2,,400,400,400,400,15,,,,
18,0,15,22,3,-1,,400,400,400,400,15,,,,
18,1,2,24,3,-1,,400,400,400,400,15,,,,
18,2,2.3,22,3,-1,,400,400,400,400,15,,,,
18,3,2,24,3,-1,,400,400,400,400,15,,,,
18,4,1.8,22,3,-1,,400,400,400,400,15,,,,
18,5,2,24,3,-1,,400,400,400,400,15,,,,
18,6,2.3,22,3,-1,,400,400,400,400,15,,,,
18,7,2,22,3,-1,,400,400,400,400,15,,,,
18,8,1.8,24,3,-1,,400,400,400,400,15,,,,
18,9,2,24,3,-1,,400,400,400,400,15,,,,
18,10,2.3,22,3,1,,400,400,400,400,15,,,,
18,11,0,22,3,0,,400,400,400,400,15,,,,
18,12,1.8,24,3,-1,,400,400,400,400,15,,,,
18,13,1.8,24,3,-1,,400,400,400,400,15,,,,
18,14,2,24,3,-1,,400,400,400,400,15,,,,
18,15,2.3,22,3,-1,,400,400,400,400,15,,,,
18,16,2,22,3,-1,,400,400,400,400,15,,,,
19,0,0,15,2,1,,400,400,400,400,15,,,,
19,1,0,15,2,0,,400,400,400,400,15,,,,
19,2,0,15,2,2,,400,400,400,400,15,,,,
19,3,2,3,2,1,,400,400,400,400,15,,,,
19,4,0,3,2,0,,400,400,400,400,15,,,,
19,5,0,3,2,2,,400,400,400,400,15,,,,
19,6,0.7,3,2,1,,400,400,400,400,15,,,,
19,7,0,3,2,0,,400,400,400,400,15,,,,
19,8,0,3,2,2,,400,400,400,400,15,,,,
19,9,1.8,32,2,1,,400,400,400,400,15,,,,
19,10,0,32,2,0,,400,400,400,400,15,,,,
19,11,0,32,2,2,,400,400,400,400,15,,,,
19,12,7,15,2,1,,400,400,400,400,15,,,,
19,13,0,15,2,0,,400,400,400,400,15,,,,
19,14,1.7,15,2,2,,400,400,400,400,15,,,,
19,15,0,15,2,0,,400,400,400,400,15,,,,
19,16,1.8,32,2,1,,400,400,400,400,15,,,,
19,17,1.8,32,2,0,,400,400,400,400,15,,,,
19,18,1.8,32,2,0,,400,400,400,400,15,,,,
19,19,1.8,32,2,2,,400,400,400,400,15,,,,
19,20,1.8,15,2,2,,400,400,400,400,15,,,,
19,21,1.8,15,2,2,,400,400,400,400,15,,,,
19,0,8,23,0,1,,400,400,400,400,15,,,,
19,1,1.8,23,0,0,,400,400,400,400,15,,,,
19,2,1.8,23,0,0,,400,400,400,400,15,,,,
19,3,1.8,23,0,1,,400,400,400,400,15,,,,
19,4,2,32,0,2,,400,400,400,400,15,,,,
19,5,0.7,32,0,0,,400,400,400,400,15,,,,
19,6,0,32,0,2,,400,400,400,400,15,,,,
19,7,2,32,0,-1,,400,400,400,400,15,,,,
19,8,2.3,32,0,-1,,400,400,400,400,15,,,,
19,9,2,32,0,-1,,400,400,400,400,15,,,,
19,10,1.8,32,0,-1,,400,400,400,400,15,,,,
19,11,8,32,0,-1,,400,400,400,400,15,,,,
19,12,1.8,32,0,-1,,400,400,400,400,15,,,,
19,13,2,32,0,1,,400,400,400,400,15,,,,
19,14,0.7,23,0,0,,400,400,400,400,15,,,,
19,15,0,23,0,1,,400,400,400,400,15,,,,
19,16,0.7,32,0,1,,400,400,400,400,15,,,,
19,17,7,32,0,1,,400,400,400,400,15,,,,
19,18,0,32,0,0,,400,400,400,400,15,,,,
19,19,0,32,0,2,,400,400,400,400,15,,,,
19,0,0,22,1,-1,,400,400,400,400,15,,,,
19,1,1.8,22,1,-1,,400,400,400,400,15,,,,
19,2,1.8,23,1,-1,,400,400,400,400,15,,,,
19,3,2,20,1,-1,,400,400,400,400,15,,,,
19,4,2.3,25,1,-1,,400,400,400,400,15,,,,
19,5,2,22,1,1,,400,400,400,400,15,,,,
19,6,0,22,1,2,,400,400,400,400,15,,,,
19,7,1.8,23,1,-1,,400,400,400,400,15,,,,
19,8,1.8,20,1,-1,,400,400,400,400,15,,,,
19,9,2,22,1,-1,,400,400,400,400,15,,,,
19,10,2.3,22,1,-1,,400,400,400,400,15,,,,
19,11,2,20,1,-1,,400,400,400,400,15,,,,
19,12,1.8,20,1,-1,,400,400,400,400,15,,,,
19,13,1.8,23,1,-1,,400,400,400,400,15,,,,
19,14,1.8,22,1,2,,400,400,400,400,15,,,,
19,15,0,22,1,0,,400,400,400,400,15,,,,
19,16,2.3,22,1,-1,,400,400,400,400,15,,,,
19,17,2,20,1,-1,,400,400,400,400,15,,,,
19,18,1.8,22,1,-1,,400,400,400,400,15,,,,
19,0,14,22,1,-1,,400,400,400,400,15,,,,
19,1,2,22,1,-1,,400,400,400,400,15,,,,
19,2,2.3,22,1,-1,,400,400,400,400,15,,,,
19,3,2,23,1,-1,,400,400,400,400,15,,,,
19,4,1.8,20,1,-1,,400,400,400,400,15,,,,
19,5,2,23,1,-1,,400,400,400,400,15,,,,
19,6,2.3,22,1,-1,,400,400,400,400,15,,,,
19,7,2,22,1,-1,,400,400,400,400,15,,,,
19,8,1.8,23,1,-1,,400,400,400,400,15,,,,
19,9,2,23,1,-1,,400,400,400,400,15,,,,
19,10,2.3,20,1,1,,400,400,400,400,15,,,,
19,11,0,22,1,0,,400,400,400,400,15,,,,
19,12,1.8,23,1,-1,,400,400,400,400,15,,,,
19,13,1.8,23,1,-1,,400,400,400,400,15,,,,
20,0,0,0,0,0,10,600,600,600,600,20,,,,
21,0,0,0,0,0,11,600,600,600,600,20,,,,
22,0,0,0,0,0,12,600,600,600,600,20,,,,
23,0,0,0,0,0,13,600,600,600,600,20,,,,
24,0,0,0,0,0,14,600,600,600,600,20,,,,
25,0,0,0,0,0,15,800,800,800,800,20,,,,
26,0,0,0,0,0,16,800,800,800,800,20,,,,
27,0,0,0,0,0,17,800,800,800,800,20,,,,
28,0,0,0,0,0,18,800,800,800,800,20,,,,
29,0,5,9,2,0,,800,800,800,800,20,,,,
29,0,0,0,0,0,19,800,800,800,800,20,,,,
30,0,0,0,0,0,10,1000,1000,980,980,25,,,,
31,0,0,0,0,0,11,1000,1000,980,980,25,,,,
32,0,0,0,0,0,12,1000,1000,980,980,25,,,,
33,0,0,0,0,0,13,1000,1000,980,980,25,,,,
34,0,0,0,0,0,14,1000,1000,980,980,25,,,,
35,0,0,0,0,0,15,2000,2000,1960,1960,25,,,,
36,0,0,0,0,0,16,2000,2000,1960,1960,25,,,,
37,0,0,0,0,0,17,2000,2000,1960,1960,25,,,,
38,0,0,0,0,0,18,2000,2000,1960,1960,25,,,,
39,0,0,0,0,0,29,2000,2000,1960,1960,25,,,,
40,0,0,0,0,0,10,3000,3000,2940,2940,30,,,,
41,0,0,0,0,0,11,3000,3000,2940,2940,30,,,,
42,0,0,0,0,0,12,3000,3000,2940,2940,30,,,,
43,0,0,0,0,0,13,3000,3000,2940,2940,30,,,,
44,0,0,0,0,0,14,3000,3000,2940,2940,30,,,,
45,0,0,0,0,0,15,4000,4000,3920,3920,30,,,,
46,0,0,0,0,0,16,4000,4000,3920,3920,30,,,,
47,0,0,0,0,0,17,4000,4000,3920,3920,30,,,,
48,0,0,0,0,0,18,4000,4000,3920,3920,30,,,,
49,0,0,0,0,0,29,4000,4000,3920,3920,40,,,,
50,0,0,0,0,0,10,6000,6000,5700,5700,40,,,,
51,0,0,0,0,0,11,6000,6000,5700,5700,40,,,,
52,0,0,0,0,0,12,6000,6000,5700,5700,40,,,,
53,0,0,0,0,0,13,6000,6000,5700,5700,40,,,,
54,0,0,0,0,0,14,6000,6000,5700,5700,40,,,,
55,0,0,0,0,0,15,8000,8000,7600,7600,40,,,,
56,0,0,0,0,0,16,8000,8000,7600,7600,40,,,,
57,0,0,0,0,0,17,8000,8000,7600,7600,40,,,,
58,0,0,0,0,0,18,8000,8000,7600,7600,40,,,,
59,0,0,0,0,0,29,8000,8000,7600,7600,40,,,,
60,0,0,0,0,0,10,10000,10000,9500,9500,50,,,,
61,0,0,0,0,0,11,10000,10000,9500,9500,50,,,,
62,0,0,0,0,0,12,10000,10000,9500,9500,50,,,,
63,0,0,0,0,0,13,10000,10000,9500,9500,50,,,,
64,0,0,0,0,0,14,10000,10000,9500,9500,50,,,,
65,0,0,0,0,0,15,12000,12000,11400,11400,50,,,,
66,0,0,0,0,0,16,12000,12000,11400,11400,50,,,,
67,0,0,0,0,0,17,12000,12000,11400,11400,50,,,,
68,0,0,0,0,0,18,12000,12000,11400,11400,50,,,,
69,0,0,0,0,0,29,12000,12000,11400,11400,50,,,,
70,0,0,0,0,0,10,16000,16000,14400,14400,60,,,,
71,0,0,0,0,0,11,16000,16000,14400,14400,60,,,,
72,0,0,0,0,0,12,16000,16000,14400,14400,60,,,,
73,0,0,0,0,0,13,16000,16000,14400,14400,60,,,,
74,0,0,0,0,0,14,16000,16000,14400,14400,60,,,,
75,0,0,0,0,0,15,20000,20000,18000,18000,60,,,,
76,0,0,0,0,0,16,20000,20000,18000,18000,60,,,,
77,0,0,0,0,0,17,20000,20000,18000,18000,60,,,,
78,0,0,0,0,0,18,20000,20000,18000,18000,60,,,,
79,0,0,0,0,0,29,20000,20000,18000,18000,60,,,,
80,0,0,0,0,0,10,24000,24000,20400,20400,70,,,,
81,0,0,0,0,0,11,24000,24000,20400,20400,70,,,,
82,0,0,0,0,0,12,24000,24000,20400,20400,70,,,,
83,0,0,0,0,0,13,24000,24000,20400,20400,70,,,,
84,0,0,0,0,0,14,24000,24000,20400,20400,70,,,,
85,0,0,0,0,0,15,28000,28000,23800,23800,70,,,,
86,0,0,0,0,0,16,28000,28000,23800,23800,70,,,,
87,0,0,0,0,0,17,28000,28000,23800,23800,70,,,,
88,0,0,0,0,0,18,28000,28000,23800,23800,70,,,,
89,0,0,0,0,0,29,28000,28000,23800,23800,70,,,,
90,0,0,0,0,0,10,34000,34000,27200,27200,80,,,,
91,0,0,0,0,0,11,34000,34000,27200,27200,80,,,,
92,0,0,0,0,0,12,34000,34000,27200,27200,80,,,,
93,0,0,0,0,0,13,34000,34000,27200,27200,80,,,,
94,0,0,0,0,0,14,34000,34000,27200,27200,80,,,,
95,0,0,0,0,0,15,40000,40000,32000,32000,80,,,,
96,0,0,0,0,0,16,40000,40000,32000,32000,80,,,,
97,0,0,0,0,0,17,40000,40000,32000,32000,80,,,,
98,0,0,0,0,0,18,40000,40000,32000,32000,80,,,,
99,0,0,0,0,0,29,40000,40000,32000,32000,80,,,,
100,0,0,0,0,0,10,46000,46000,32200,32200,90,,,,
101,0,0,0,0,0,11,46000,46000,32200,32200,90,,,,
102,0,0,0,0,0,12,46000,46000,32200,32200,90,,,,
103,0,0,0,0,0,13,46000,46000,32200,32200,90,,,,
104,0,0,0,0,0,14,46000,46000,32200,32200,90,,,,
105,0,0,0,0,0,15,52000,52000,36400,36400,90,,,,
106,0,0,0,0,0,16,52000,52000,36400,36400,90,,,,
107,0,0,0,0,0,17,52000,52000,36400,36400,90,,,,
108,0,0,0,0,0,18,52000,52000,36400,36400,90,,,,
109,0,0,0,0,0,29,52000,52000,36400,36400,90,,,,
110,0,0,0,0,0,10,64000,64000,38400,38400,100,,,,
111,0,0,0,0,0,11,64000,64000,38400,38400,100,,,,
112,0,0,0,0,0,12,64000,64000,38400,38400,100,,,,
113,0,0,0,0,0,13,64000,64000,38400,38400,100,,,,
114,0,0,0,0,0,14,64000,64000,38400,38400,100,,,,
115,0,0,0,0,0,15,76000,76000,45600,45600,100,,,,
116,0,0,0,0,0,16,76000,76000,45600,45600,100,,,,
117,0,0,0,0,0,17,76000,76000,45600,45600,100,,,,
118,0,0,0,0,0,18,76000,76000,45600,45600,100,,,,
119,0,0,0,0,0,29,76000,76000,45600,45600,100,,,,
120,0,0,0,0,0,10,88000,88000,44000,44000,100,,,,
121,0,0,0,0,0,11,88000,88000,44000,44000,100,,,,
122,0,0,0,0,0,12,88000,88000,44000,44000,100,,,,
123,0,0,0,0,0,13,88000,88000,44000,44000,100,,,,
124,0,0,0,0,0,14,88000,88000,44000,44000,100,,,,
125,0,0,0,0,0,15,100000,100000,50000,50000,100,,,,
126,0,0,0,0,0,16,100000,100000,50000,50000,100,,,,
127,0,0,0,0,0,17,100000,100000,50000,50000,100,,,,
128,0,0,0,0,0,18,100000,100000,50000,50000,100,,,,
129,0,0,0,0,0,29,100000,100000,50000,50000,100,,,,
130,0,0,0,0,0,10,124000,124000,62000,62000,100,,,,
131,0,0,0,0,0,11,124000,124000,62000,62000,100,,,,
132,0,0,0,0,0,12,124000,124000,62000,62000,100,,,,
133,0,0,0,0,0,13,124000,124000,62000,62000,100,,,,
134,0,0,0,0,0,14,124000,124000,62000,62000,100,,,,
135,0,0,0,0,0,15,148000,148000,74000,74000,100,,,,
136,0,0,0,0,0,16,148000,148000,74000,74000,100,,,,
137,0,0,0,0,0,17,148000,148000,74000,74000,100,,,,
138,0,0,0,0,0,18,148000,148000,74000,74000,100,,,,
139,0,0,0,0,0,29,148000,148000,74000,74000,100,,,,
140,0,0,0,0,0,10,172000,172000,86000,86000,100,,,,
141,0,0,0,0,0,11,172000,172000,86000,86000,100,,,,
142,0,0,0,0,0,12,172000,172000,86000,86000,100,,,,
143,0,0,0,0,0,13,172000,172000,86000,86000,100,,,,
144,0,0,0,0,0,14,172000,172000,86000,86000,100,,,,
145,0,0,0,0,0,15,196000,196000,98000,98000,100,,,,
146,0,0,0,0,0,16,196000,196000,98000,98000,100,,,,
147,0,0,0,0,0,17,196000,196000,98000,98000,100,,,,
148,0,0,0,0,0,18,196000,196000,98000,98000,100,,,,
149,0,0,0,0,0,29,196000,196000,98000,98000,100,,,,
150,0,0,0,0,0,10,244000,244000,122000,122000,100,,,,
151,0,0,0,0,0,11,244000,244000,122000,122000,100,,,,
152,0,0,0,0,0,12,244000,244000,122000,122000,100,,,,
153,0,0,0,0,0,13,244000,244000,122000,122000,100,,,,
154,0,0,0,0,0,14,244000,244000,122000,122000,100,,,,
155,0,0,0,0,0,15,292000,292000,146000,146000,100,,,,
156,0,0,0,0,0,16,292000,292000,146000,146000,100,,,,
157,0,0,0,0,0,17,292000,292000,146000,146000,100,,,,
158,0,0,0,0,0,18,292000,292000,146000,146000,100,,,,
159,0,0,0,0,0,29,292000,292000,146000,146000,100,,,,
160,0,0,0,0,0,10,340000,340000,170000,170000,100,,,,
161,0,0,0,0,0,11,340000,340000,170000,170000,100,,,,
162,0,0,0,0,0,12,340000,340000,170000,170000,100,,,,
163,0,0,0,0,0,13,340000,340000,170000,170000,100,,,,
164,0,0,0,0,0,14,340000,340000,170000,170000,100,,,,
165,0,0,0,0,0,15,388000,388000,194000,194000,100,,,,
166,0,0,0,0,0,16,388000,388000,194000,194000,100,,,,
167,0,0,0,0,0,17,388000,388000,194000,194000,100,,,,
168,0,0,0,0,0,18,388000,388000,194000,194000,100,,,,
169,0,0,0,0,0,29,388000,388000,194000,194000,100,,,,
170,0,0,0,0,0,10,484000,484000,242000,242000,100,,,,
171,0,0,0,0,0,11,484000,484000,242000,242000,100,,,,
172,0,0,0,0,0,12,484000,484000,242000,242000,100,,,,
173,0,0,0,0,0,13,484000,484000,242000,242000,100,,,,
174,0,0,0,0,0,14,484000,484000,242000,242000,100,,,,
175,0,0,0,0,0,15,580000,580000,290000,290000,100,,,,
176,0,0,0,0,0,16,580000,580000,290000,290000,100,,,,
177,0,0,0,0,0,17,580000,580000,290000,290000,100,,,,
178,0,0,0,0,0,18,580000,580000,290000,290000,100,,,,
179,0,0,0,0,0,29,580000,580000,290000,290000,100,,,,
