wave,no,time,enemy_id,gate,lane,loop,health_increment,damage_increment,armor_increment,resistance_increment,move_increment,gold,health,time_auto_next_wave,time_show_button_next
0,0,0,3,1,1,,,,,,,3000,1,20,20
0,1,1,3,1,0,,,,,,,,,,
0,2,1.4,3,1,2,,,,,,,,,,
0,3,2.7,3,1,1,,,,,,,,,,
0,4,1.7,3,1,0,,,,,,,,,,
0,5,1.7,3,1,2,,,,,,,,,,
0,6,1.7,3,1,2,,,,,,,,,,
0,7,2.2,3,1,0,,,,,,,,,,
0,8,1.5,3,1,2,,,,,,,,,,
0,9,1.5,3,1,0,,,,,,,,,,
0,10,1.8,3,1,1,,,,,,,,,,
0,11,1.8,3,1,2,,,,,,,,,,
0,12,2.2,3,1,1,,,,,,,,,,
0,13,1.7,3,1,2,,,,,,,,,,
0,14,1.5,3,1,2,,,,,,,,,,
0,0,5,4,2,1,,,,,,,,,,
0,1,2,4,2,0,,,,,,,,,,
0,2,2,4,2,2,,,,,,,,,,
0,3,2.5,4,2,0,,,,,,,,,,
0,4,2.3,4,2,1,,,,,,,,,,
0,5,2.7,6,2,1,,,,,,,,,,
0,6,2,6,2,1,,,,,,,,,,
0,7,0,6,2,0,,,,,,,,,,
0,8,2,4,2,2,,,,,,,,,,
0,9,0,4,2,1,,,,,,,,,,
0,10,2.2,6,2,2,,,,,,,,,,
0,11,1.6,4,2,0,,,,,,,,,,
0,12,2.1,6,2,0,,,,,,,,,,
1,0,0,4,3,0,,20,20,20,20,,,,,
1,1,2.3,4,3,1,,20,20,20,20,,,,,
1,2,2.3,4,3,2,,20,20,20,20,,,,,
1,3,3,6,3,0,,20,20,20,20,,,,,
1,4,2,4,3,0,,20,20,20,20,,,,,
1,5,2,6,3,2,,20,20,20,20,,,,,
1,6,2.5,4,3,1,,20,20,20,20,,,,,
1,7,1.8,6,3,1,,20,20,20,20,,,,,
1,8,0,6,3,2,,20,20,20,20,,,,,
1,9,1.8,6,3,2,,20,20,20,20,,,,,
1,10,0,6,3,0,,20,20,20,20,,,,,
1,11,1.8,6,3,2,,20,20,20,20,,,,,
1,12,0,4,3,1,,20,20,20,20,,,,,
1,13,2.5,4,3,0,,20,20,20,20,,,,,
1,14,3,4,3,0,,20,20,20,20,,,,,
1,0,4,3,1,1,,20,20,20,20,,,,,
1,1,0,3,1,0,,20,20,20,20,,,,,
1,2,3,3,1,2,,20,20,20,20,,,,,
1,3,0,3,1,1,,20,20,20,20,,,,,
1,4,3,3,1,2,,20,20,20,20,,,,,
1,5,0,3,1,0,,20,20,20,20,,,,,
1,6,3,3,1,1,,20,20,20,20,,,,,
1,7,0,3,1,0,,20,20,20,20,,,,,
1,8,3,3,1,1,,20,20,20,20,,,,,
1,9,0,3,1,2,,20,20,20,20,,,,,
1,0,4.5,10,2,2,,20,20,20,20,,,,,
1,1,2.8,10,2,0,,20,20,20,20,,,,,
1,2,2.8,10,2,1,,20,20,20,20,,,,,
1,3,2.8,10,2,2,,20,20,20,20,,,,,
1,4,2.8,10,2,0,,20,20,20,20,,,,,
1,5,2.8,10,2,1,,20,20,20,20,,,,,
1,6,2.8,10,2,2,,20,20,20,20,,,,,
2,0,2.8,4,1,1,,30,30,30,30,,,,,
2,1,2.8,4,1,0,,30,30,30,30,,,,,
2,2,2.8,14,1,2,,30,30,30,30,,,,,
2,3,2.8,14,1,1,,30,30,30,30,,,,,
2,4,2.8,4,1,0,,30,30,30,30,,,,,
2,5,2.8,14,1,2,,30,30,30,30,,,,,
2,6,2.8,14,1,2,,30,30,30,30,,,,,
2,7,2.8,4,1,0,,30,30,30,30,,,,,
2,8,2.8,14,1,2,,30,30,30,30,,,,,
2,9,2.8,4,1,1,,30,30,30,30,,,,,
2,10,2.5,14,1,1,,30,30,30,30,,,,,
2,11,0,14,1,2,,30,30,30,30,,,,,
2,12,2.5,4,1,1,,30,30,30,30,,,,,
2,13,2.5,14,1,0,,30,30,30,30,,,,,
2,14,0,4,1,2,,30,30,30,30,,,,,
2,15,2.5,4,1,0,,30,30,30,30,,,,,
2,0,0,3,3,1,,30,30,30,30,,,,,
2,1,0.8,3,3,0,,30,30,30,30,,,,,
2,2,1.8,3,3,2,,30,30,30,30,,,,,
2,3,2.2,3,3,0,,30,30,30,30,,,,,
2,4,2,3,3,0,,30,30,30,30,,,,,
2,5,2.5,3,3,1,,30,30,30,30,,,,,
2,6,0,3,3,2,,30,30,30,30,,,,,
2,7,2,10,3,0,,30,30,30,30,,,,,
2,8,1.8,10,3,1,,30,30,30,30,,,,,
2,9,1.3,10,3,2,,30,30,30,30,,,,,
2,10,0,10,3,1,,30,30,30,30,,,,,
2,11,1,10,3,0,,30,30,30,30,,,,,
2,12,0,10,3,1,,30,30,30,30,,,,,
2,13,2,10,3,2,,30,30,30,30,,,,,
2,14,1.8,10,3,1,,30,30,30,30,,,,,
2,15,1.3,10,3,2,,30,30,30,30,,,,,
2,16,2,3,3,0,,30,30,30,30,,,,,
3,0,0,4,1,1,,40,40,40,40,,,,,
3,1,2.5,4,1,0,,40,40,40,40,,,,,
3,2,2.5,4,1,2,,40,40,40,40,,,,,
3,3,2.5,4,1,0,,40,40,40,40,,,,,
3,4,2.5,4,1,1,,40,40,40,40,,,,,
3,5,2.5,4,1,0,,40,40,40,40,,,,,
3,6,2.5,4,1,2,,40,40,40,40,,,,,
3,7,2.5,4,1,0,,40,40,40,40,,,,,
3,8,2.5,4,1,1,,40,40,40,40,,,,,
3,9,2.5,4,1,0,,40,40,40,40,,,,,
3,10,2.5,4,1,2,,40,40,40,40,,,,,
3,11,2.5,4,1,0,,40,40,40,40,,,,,
3,12,2.5,4,1,1,,40,40,40,40,,,,,
3,0,0.8,6,2,2,,40,40,40,40,,,,,
3,1,2.5,6,2,0,,40,40,40,40,,,,,
3,2,2.5,6,2,1,,40,40,40,40,,,,,
3,3,2.5,6,2,0,,40,40,40,40,,,,,
3,4,2.5,6,2,2,,40,40,40,40,,,,,
3,5,2.5,6,2,0,,40,40,40,40,,,,,
3,6,2.5,6,2,1,,40,40,40,40,,,,,
3,7,2.5,6,2,0,,40,40,40,40,,,,,
3,8,2.5,6,2,2,,40,40,40,40,,,,,
3,9,2.5,6,2,0,,40,40,40,40,,,,,
3,10,2.5,6,2,1,,40,40,40,40,,,,,
3,11,2.5,6,2,0,,40,40,40,40,,,,,
3,12,2.5,6,2,2,,40,40,40,40,,,,,
3,0,6,14,3,-1,,40,40,40,40,,,,,
3,1,2.2,14,3,-1,,40,40,40,40,,,,,
3,2,2.2,14,3,-1,,40,40,40,40,,,,,
3,3,2.2,14,3,-1,,40,40,40,40,,,,,
3,4,2.2,14,3,-1,,40,40,40,40,,,,,
3,5,1.6,10,3,-1,,40,40,40,40,,,,,
3,6,1.2,10,3,-1,,40,40,40,40,,,,,
3,7,1.8,10,3,-1,,40,40,40,40,,,,,
3,8,1,10,3,-1,,40,40,40,40,,,,,
3,9,1.8,10,3,-1,,40,40,40,40,,,,,
3,10,2,10,3,-1,,40,40,40,40,,,,,
3,0,5,3,0,-1,,40,40,40,40,,,,,
3,1,2.8,3,0,-1,,40,40,40,40,,,,,
3,2,2.8,3,0,-1,,40,40,40,40,,,,,
3,3,2.8,3,0,-1,,40,40,40,40,,,,,
3,4,2.8,3,0,-1,,40,40,40,40,,,,,
3,5,2.8,3,0,-1,,40,40,40,40,,,,,
3,6,2.8,3,0,-1,,40,40,40,40,,,,,
3,7,2.8,3,0,-1,,40,40,40,40,,,,,
4,0,0,3,0,1,,50,50,50,50,,,,,
4,1,1.8,3,0,2,,50,50,50,50,,,,,
4,2,2.5,10,0,1,,50,50,50,50,,,,,
4,3,1.8,10,0,1,,50,50,50,50,,,,,
4,4,2,10,0,0,,50,50,50,50,,,,,
4,5,7,10,0,0,,50,50,50,50,,,,,
4,6,2.5,3,0,2,,50,50,50,50,,,,,
4,7,2,3,0,2,,50,50,50,50,,,,,
4,8,2.3,10,0,0,,50,50,50,50,,,,,
4,9,1.5,10,0,1,,50,50,50,50,,,,,
4,10,1.3,10,0,2,,50,50,50,50,,,,,
4,11,2,10,0,2,,50,50,50,50,,,,,
4,0,4,14,1,-1,,50,50,50,50,,,,,
4,1,4,14,1,-1,,50,50,50,50,,,,,
4,2,4,14,1,-1,,50,50,50,50,,,,,
4,3,4,14,1,-1,,50,50,50,50,,,,,
4,4,4,14,1,-1,,50,50,50,50,,,,,
4,5,4,14,1,-1,,50,50,50,50,,,,,
4,6,4,14,1,-1,,50,50,50,50,,,,,
4,7,3.2,14,1,-1,,50,50,50,50,,,,,
4,8,3.2,14,1,-1,,50,50,50,50,,,,,
4,9,3.2,14,1,-1,,50,50,50,50,,,,,
4,10,3.2,4,1,-1,,50,50,50,50,,,,,
4,11,3.2,4,1,-1,,50,50,50,50,,,,,
4,0,4.5,14,2,-1,,50,50,50,50,,,,,
4,1,4,14,2,-1,,50,50,50,50,,,,,
4,2,4,14,2,-1,,50,50,50,50,,,,,
4,3,4,14,2,-1,,50,50,50,50,,,,,
4,4,4,14,2,-1,,50,50,50,50,,,,,
4,5,4,6,2,-1,,50,50,50,50,,,,,
4,6,4,6,2,-1,,50,50,50,50,,,,,
4,7,3.2,6,2,-1,,50,50,50,50,,,,,
4,8,3.2,6,2,-1,,50,50,50,50,,,,,
4,9,3.2,6,2,-1,,50,50,50,50,,,,,
4,10,3.2,6,2,-1,,50,50,50,50,,,,,
4,11,3.2,6,2,-1,,50,50,50,50,,,,,
4,0,15,3,3,0,,50,50,50,50,,,,,
4,1,0,3,3,1,,50,50,50,50,,,,,
4,2,3,3,3,0,,50,50,50,50,,,,,
4,3,0,3,3,2,,50,50,50,50,,,,,
4,4,3,3,3,0,,50,50,50,50,,,,,
4,5,0,3,3,1,,50,50,50,50,,,,,
4,6,3,3,3,0,,50,50,50,50,,,,,
4,7,0,3,3,2,,50,50,50,50,,,,,
4,8,3,3,3,0,,50,50,50,50,,,,,
4,9,0,3,3,1,,50,50,50,50,,,,,
4,0,17.5,10,4,0,,50,50,50,50,,,,,
4,1,0,10,4,1,,50,50,50,50,,,,,
4,2,3,10,4,0,,50,50,50,50,,,,,
4,3,0,10,4,2,,50,50,50,50,,,,,
4,4,3,10,4,0,,50,50,50,50,,,,,
4,5,0,10,4,1,,50,50,50,50,,,,,
4,6,3,10,4,0,,50,50,50,50,,,,,
4,7,0,10,4,2,,50,50,50,50,,,,,
4,8,3,10,4,0,,50,50,50,50,,,,,
4,9,0,10,4,1,,50,50,50,50,,,,,
5,0,15,3,1,-1,,60,60,60,60,,,,,
5,1,3,3,1,-1,,60,60,60,60,,,,,
5,2,3,3,1,-1,,60,60,60,60,,,,,
5,3,3,10,1,-1,,60,60,60,60,,,,,
5,4,3,3,1,-1,,60,60,60,60,,,,,
5,5,5,3,1,-1,,60,60,60,60,,,,,
5,6,3,10,1,-1,,60,60,60,60,,,,,
5,7,3,10,1,-1,,60,60,60,60,,,,,
5,8,3,10,1,-1,,60,60,60,60,,,,,
5,9,4,10,1,-1,,60,60,60,60,,,,,
5,10,3,10,1,-1,,60,60,60,60,,,,,
5,11,3,3,1,-1,,60,60,60,60,,,,,
5,12,1.2,3,1,-1,,60,60,60,60,,,,,
5,13,2,10,1,-1,,60,60,60,60,,,,,
5,14,2.5,10,1,-1,,60,60,60,60,,,,,
5,15,1,10,1,-1,,60,60,60,60,,,,,
5,0,0,3,3,-1,,60,60,60,60,,,,,
5,1,3,3,3,-1,,60,60,60,60,,,,,
5,2,3,3,3,-1,,60,60,60,60,,,,,
5,3,3,3,3,-1,,60,60,60,60,,,,,
5,4,3,32,3,-1,,60,60,60,60,,,,,
5,5,5,3,3,-1,,60,60,60,60,,,,,
5,6,3,3,3,-1,,60,60,60,60,,,,,
5,7,3,32,3,-1,,60,60,60,60,,,,,
5,8,3,3,3,-1,,60,60,60,60,,,,,
5,9,4,3,3,-1,,60,60,60,60,,,,,
5,10,3,3,3,-1,,60,60,60,60,,,,,
5,11,3,32,3,-1,,60,60,60,60,,,,,
5,12,1.2,32,3,-1,,60,60,60,60,,,,,
5,13,2,3,3,-1,,60,60,60,60,,,,,
5,14,2.5,32,3,-1,,60,60,60,60,,,,,
5,15,1,3,3,-1,,60,60,60,60,,,,,
5,0,0,14,2,-1,,60,60,60,60,,,,,
5,1,2.5,14,2,-1,,60,60,60,60,,,,,
5,2,0.8,4,2,-1,,60,60,60,60,,,,,
5,3,2,14,2,-1,,60,60,60,60,,,,,
5,4,0.5,4,2,-1,,60,60,60,60,,,,,
5,5,2,14,2,-1,,60,60,60,60,,,,,
5,6,1,4,2,-1,,60,60,60,60,,,,,
5,7,2,4,2,-1,,60,60,60,60,,,,,
5,8,0.8,14,2,-1,,60,60,60,60,,,,,
5,9,0.8,14,2,-1,,60,60,60,60,,,,,
5,10,0.8,14,2,-1,,60,60,60,60,,,,,
5,11,0.8,4,2,-1,,60,60,60,60,,,,,
6,0,0,32,3,-1,,70,70,70,70,,,,,
6,1,0,32,3,-1,,70,70,70,70,,,,,
6,2,1,32,3,-1,,70,70,70,70,,,,,
6,3,1,32,3,-1,,70,70,70,70,,,,,
6,4,2,32,3,-1,,70,70,70,70,,,,,
6,5,2.3,32,3,-1,,70,70,70,70,,,,,
6,6,1.2,32,3,-1,,70,70,70,70,,,,,
6,7,1,32,3,-1,,70,70,70,70,,,,,
6,8,1,32,3,-1,,70,70,70,70,,,,,
6,9,1,32,3,-1,,70,70,70,70,,,,,
6,10,1.5,32,3,-1,,70,70,70,70,,,,,
6,11,2,32,3,-1,,70,70,70,70,,,,,
6,12,1,32,3,-1,,70,70,70,70,,,,,
6,0,3,4,2,-1,,70,70,70,70,,,,,
6,1,0.5,4,2,-1,,70,70,70,70,,,,,
6,2,0.8,4,2,1,,70,70,70,70,,,,,
6,3,0,4,2,2,,70,70,70,70,,,,,
6,4,4,3,2,-1,,70,70,70,70,,,,,
6,5,1.5,3,2,-1,,70,70,70,70,,,,,
6,6,0.8,3,2,1,,70,70,70,70,,,,,
6,7,0,3,2,2,,70,70,70,70,,,,,
6,8,1.5,3,2,1,,70,70,70,70,,,,,
6,9,0.8,4,2,-1,,70,70,70,70,,,,,
6,10,0,4,2,-1,,70,70,70,70,,,,,
6,11,1,3,2,-1,,70,70,70,70,,,,,
6,12,1.5,3,2,-1,,70,70,70,70,,,,,
6,0,4,6,0,-1,,70,70,70,70,,,,,
6,1,1.3,6,0,-1,,70,70,70,70,,,,,
6,2,1.3,6,0,-1,,70,70,70,70,,,,,
6,3,1.3,6,0,-1,,70,70,70,70,,,,,
6,4,1.3,6,0,-1,,70,70,70,70,,,,,
6,5,4,6,0,-1,,70,70,70,70,,,,,
6,6,1.3,6,0,-1,,70,70,70,70,,,,,
6,7,1.7,6,0,-1,,70,70,70,70,,,,,
6,8,1,6,0,-1,,70,70,70,70,,,,,
6,9,2,6,0,-1,,70,70,70,70,,,,,
6,10,0.8,6,0,-1,,70,70,70,70,,,,,
6,11,0.2,6,0,-1,,70,70,70,70,,,,,
7,0,0,24,1,0,,80,80,80,80,,,,,
7,1,3,24,1,2,,80,80,80,80,,,,,
7,2,0,24,1,0,,80,80,80,80,,,,,
7,3,1,6,1,-1,,80,80,80,80,,,,,
7,4,1.3,6,1,-1,,80,80,80,80,,,,,
7,5,1.2,6,1,-1,,80,80,80,80,,,,,
7,6,1.3,6,1,-1,,80,80,80,80,,,,,
7,7,0.6,6,1,-1,,80,80,80,80,,,,,
7,8,1.3,24,1,-1,,80,80,80,80,,,,,
7,9,1.2,6,1,-1,,80,80,80,80,,,,,
7,10,1.3,6,1,-1,,80,80,80,80,,,,,
7,11,0.6,6,1,-1,,80,80,80,80,,,,,
7,12,0,24,1,0,,80,80,80,80,,,,,
7,13,3,24,1,1,,80,80,80,80,,,,,
7,0,0,23,3,-1,,80,80,80,80,,,,,
7,1,2,23,3,-1,,80,80,80,80,,,,,
7,2,0.8,23,3,-1,,80,80,80,80,,,,,
7,3,1.5,23,3,-1,,80,80,80,80,,,,,
7,4,0.8,23,3,-1,,80,80,80,80,,,,,
7,5,1.4,4,3,-1,,80,80,80,80,,,,,
7,6,2,4,3,-1,,80,80,80,80,,,,,
7,7,1.7,4,3,-1,,80,80,80,80,,,,,
7,8,1.6,4,3,-1,,80,80,80,80,,,,,
7,9,1.5,4,3,-1,,80,80,80,80,,,,,
7,10,1.9,4,3,-1,,80,80,80,80,,,,,
7,11,5,23,3,-1,,80,80,80,80,,,,,
7,12,1.6,23,3,-1,,80,80,80,80,,,,,
7,0,0,3,0,-1,,80,80,80,80,,,,,
7,1,2,3,0,-1,,80,80,80,80,,,,,
7,2,2,32,0,-1,,80,80,80,80,,,,,
7,3,2,32,0,-1,,80,80,80,80,,,,,
7,4,2,3,0,-1,,80,80,80,80,,,,,
7,5,2,3,0,-1,,80,80,80,80,,,,,
7,6,2,32,0,-1,,80,80,80,80,,,,,
7,7,2,32,0,-1,,80,80,80,80,,,,,
7,8,0,14,0,-1,,80,80,80,80,,,,,
7,9,2,14,0,-1,,80,80,80,80,,,,,
7,10,2,14,0,-1,,80,80,80,80,,,,,
7,11,2,14,0,-1,,80,80,80,80,,,,,
7,12,2,14,0,-1,,80,80,80,80,,,,,
7,13,2,14,0,-1,,80,80,80,80,,,,,
8,0,0,4,1,-1,,90,90,90,90,,,,,
8,1,0.8,4,1,-1,,90,90,90,90,,,,,
8,2,0.8,4,1,-1,,90,90,90,90,,,,,
8,3,0.8,4,1,-1,,90,90,90,90,,,,,
8,4,0.8,4,1,-1,,90,90,90,90,,,,,
8,5,0.8,4,1,-1,,90,90,90,90,,,,,
8,6,0.8,4,1,-1,,90,90,90,90,,,,,
8,7,0.8,4,1,-1,,90,90,90,90,,,,,
8,8,0.8,4,1,-1,,90,90,90,90,,,,,
8,9,0.8,4,1,-1,,90,90,90,90,,,,,
8,10,0.8,4,1,-1,,90,90,90,90,,,,,
8,11,8.8,4,1,-1,,90,90,90,90,,,,,
8,12,0.8,4,1,-1,,90,90,90,90,,,,,
8,13,0.8,4,1,-1,,90,90,90,90,,,,,
8,14,0.8,4,1,-1,,90,90,90,90,,,,,
8,0,8,6,2,-1,,90,90,90,90,,,,,
8,1,0.8,6,2,-1,,90,90,90,90,,,,,
8,2,0.8,6,2,-1,,90,90,90,90,,,,,
8,3,0.8,6,2,-1,,90,90,90,90,,,,,
8,4,0.8,6,2,-1,,90,90,90,90,,,,,
8,5,0.8,6,2,-1,,90,90,90,90,,,,,
8,6,0.8,6,2,-1,,90,90,90,90,,,,,
8,7,0.8,6,2,-1,,90,90,90,90,,,,,
8,8,0.8,6,2,-1,,90,90,90,90,,,,,
8,9,0.8,6,2,-1,,90,90,90,90,,,,,
8,10,0.8,6,2,-1,,90,90,90,90,,,,,
8,11,0.8,6,2,-1,,90,90,90,90,,,,,
8,12,0.4,6,2,-1,,90,90,90,90,,,,,
8,13,0.8,6,2,-1,,90,90,90,90,,,,,
8,14,0.8,6,2,-1,,90,90,90,90,,,,,
8,0,8,24,0,-1,,90,90,90,90,,,,,
8,1,1.2,24,0,-1,,90,90,90,90,,,,,
8,2,1.2,24,0,-1,,90,90,90,90,,,,,
8,3,1.3,3,0,-1,,90,90,90,90,,,,,
8,4,1.3,3,0,-1,,90,90,90,90,,,,,
8,5,1.3,3,0,-1,,90,90,90,90,,,,,
8,6,1.3,3,0,-1,,90,90,90,90,,,,,
8,7,1.5,3,0,-1,,90,90,90,90,,,,,
8,8,1.5,24,0,-1,,90,90,90,90,,,,,
8,9,1.5,24,0,-1,,90,90,90,90,,,,,
8,10,1.5,3,0,-1,,90,90,90,90,,,,,
8,11,1.5,3,0,-1,,90,90,90,90,,,,,
8,12,1.5,3,0,-1,,90,90,90,90,,,,,
8,13,1.5,3,0,-1,,90,90,90,90,,,,,
8,0,15,23,3,-1,,90,90,90,90,,,,,
8,1,1.8,23,3,-1,,90,90,90,90,,,,,
8,2,1.2,23,3,-1,,90,90,90,90,,,,,
8,3,1.2,23,3,-1,,90,90,90,90,,,,,
8,4,1.4,23,3,-1,,90,90,90,90,,,,,
8,5,1.5,10,3,-1,,90,90,90,90,,,,,
8,6,1.2,10,3,-1,,90,90,90,90,,,,,
8,7,1.8,10,3,-1,,90,90,90,90,,,,,
8,8,1.2,10,3,-1,,90,90,90,90,,,,,
8,9,1.2,10,3,-1,,90,90,90,90,,,,,
8,10,1.4,23,3,-1,,90,90,90,90,,,,,
8,11,1.8,23,3,-1,,90,90,90,90,,,,,
8,12,1.2,23,3,-1,,90,90,90,90,,,,,
8,13,1.2,23,3,-1,,90,90,90,90,,,,,
8,14,1.4,10,3,-1,,90,90,90,90,,,,,
8,15,0.8,10,3,-1,,90,90,90,90,,,,,
9,0,0,32,0,-1,,100,100,100,100,,,,,
9,1,2.4,32,0,-1,,100,100,100,100,,,,,
9,2,2.4,3,0,-1,,100,100,100,100,,,,,
9,3,2.4,3,0,-1,,100,100,100,100,,,,,
9,4,2.4,3,0,-1,,100,100,100,100,,,,,
9,5,2.4,3,0,-1,,100,100,100,100,,,,,
9,6,2.4,10,0,-1,,100,100,100,100,,,,,
9,7,2.4,10,0,-1,,100,100,100,100,,,,,
9,8,2.4,10,0,-1,,100,100,100,100,,,,,
9,9,1.2,10,0,-1,,100,100,100,100,,,,,
9,10,2.4,32,0,-1,,100,100,100,100,,,,,
9,11,5,32,0,-1,,100,100,100,100,,,,,
9,12,3,15,0,-1,,100,100,100,100,,,,,
9,13,3,15,0,-1,,100,100,100,100,,,,,
9,14,3,14,0,-1,,100,100,100,100,,,,,
9,15,3,14,0,-1,,100,100,100,100,,,,,
9,16,3,14,0,-1,,100,100,100,100,,,,,
9,17,3,14,0,-1,,100,100,100,100,,,,,
9,18,8,10,0,-1,,100,100,100,100,,,,,
9,19,2.5,10,0,-1,,100,100,100,100,,,,,
9,20,2.5,10,0,-1,,100,100,100,100,,,,,
9,21,2.5,10,0,-1,,100,100,100,100,,,,,
9,22,2.5,10,0,-1,,100,100,100,100,,,,,
9,23,2.5,32,0,-1,,100,100,100,100,,,,,
9,24,2.5,32,0,-1,,100,100,100,100,,,,,
9,25,2.5,3,0,-1,,100,100,100,100,,,,,
9,26,1.5,8,0,-1,,100,100,100,100,,,,,
9,0,0,24,1,2,,100,100,100,100,,,,,
9,1,3.2,24,1,2,,100,100,100,100,,,,,
9,2,3.2,24,1,2,,100,100,100,100,,,,,
9,3,3.2,24,1,2,,100,100,100,100,,,,,
9,4,3.2,24,1,2,,100,100,100,100,,,,,
9,5,3.2,24,1,2,,100,100,100,100,,,,,
9,6,3.2,24,1,2,,100,100,100,100,,,,,
9,7,3.2,24,1,2,,100,100,100,100,,,,,
9,8,3.2,24,1,2,,100,100,100,100,,,,,
9,9,3.2,14,1,-1,,100,100,100,100,,,,,
9,10,1.5,14,1,-1,,100,100,100,100,,,,,
9,11,1,14,1,-1,,100,100,100,100,,,,,
9,12,1,23,1,-1,,100,100,100,100,,,,,
9,13,1,14,1,-1,,100,100,100,100,,,,,
9,14,1.5,23,1,-1,,100,100,100,100,,,,,
9,15,1.5,23,1,-1,,100,100,100,100,,,,,
9,16,2,23,1,-1,,100,100,100,100,,,,,
9,17,5,24,1,-1,,100,100,100,100,,,,,
9,18,1.5,23,1,-1,,100,100,100,100,,,,,
9,19,1.5,24,1,-1,,100,100,100,100,,,,,
9,20,1,23,1,-1,,100,100,100,100,,,,,
9,21,1,23,1,-1,,100,100,100,100,,,,,
9,22,1,24,1,-1,,100,100,100,100,,,,,
9,23,3,23,1,-1,,100,100,100,100,,,,,
9,24,3,23,1,-1,,100,100,100,100,,,,,
9,25,3,24,1,-1,,100,100,100,100,,,,,
9,0,15,23,2,1,,100,100,100,100,,,,,
9,1,2.8,23,2,1,,100,100,100,100,,,,,
9,2,2.8,23,2,1,,100,100,100,100,,,,,
9,3,2.8,23,2,1,,100,100,100,100,,,,,
9,4,2.8,23,2,1,,100,100,100,100,,,,,
9,5,2.8,23,2,1,,100,100,100,100,,,,,
9,6,2.8,23,2,1,,100,100,100,100,,,,,
9,7,2.8,23,2,1,,100,100,100,100,,,,,
9,8,2.8,23,2,1,,100,100,100,100,,,,,
9,9,1.5,32,2,-1,,100,100,100,100,,,,,
9,10,1.5,32,2,-1,,100,100,100,100,,,,,
9,11,1,3,2,-1,,100,100,100,100,,,,,
9,12,1,3,2,-1,,100,100,100,100,,,,,
9,13,1,3,2,-1,,100,100,100,100,,,,,
9,0,8,14,3,-1,,100,100,100,100,,,,,
9,1,3,14,3,-1,,100,100,100,100,,,,,
9,2,3,14,3,-1,,100,100,100,100,,,,,
9,3,3,14,3,-1,,100,100,100,100,,,,,
9,4,3,14,3,-1,,100,100,100,100,,,,,
9,5,3,14,3,-1,,100,100,100,100,,,,,
9,6,3,14,3,-1,,100,100,100,100,,,,,
9,7,3,14,3,-1,,100,100,100,100,,,,,
9,8,3,14,3,-1,,100,100,100,100,,,,,
9,9,3,14,3,-1,,100,100,100,100,,,,,
9,10,3,14,3,-1,,100,100,100,100,,,,,
9,11,1,32,3,-1,,100,100,100,100,,,,,
9,12,1,32,3,-1,,100,100,100,100,,,,,
9,0,15,32,4,-1,,100,100,100,100,,,,,
9,1,3.6,10,4,-1,,100,100,100,100,,,,,
9,2,3.6,10,4,-1,,100,100,100,100,,,,,
9,3,3.6,10,4,-1,,100,100,100,100,,,,,
9,4,3.6,10,4,-1,,100,100,100,100,,,,,
9,5,3.5,32,4,-1,,100,100,100,100,,,,,
9,6,4,10,4,-1,,100,100,100,100,,,,,
9,7,3,10,4,-1,,100,100,100,100,,,,,
9,8,3,10,4,-1,,100,100,100,100,,,,,
9,9,1.5,10,4,-1,,100,100,100,100,,,,,
9,10,2,14,4,-1,,100,100,100,100,,,,,
9,11,2,14,4,-1,,100,100,100,100,,,,,
9,12,2,14,4,-1,,100,100,100,100,,,,,
9,13,2,14,4,-1,,100,100,100,100,,,,,
10,0,0,24,1,2,,200,200,200,200,,,,,
10,1,0,24,1,1,,200,200,200,200,,,,,
10,2,1.5,23,1,0,,200,200,200,200,,,,,
10,3,3.5,24,1,2,,200,200,200,200,,,,,
10,4,0,24,1,1,,200,200,200,200,,,,,
10,5,1.5,23,1,0,,200,200,200,200,,,,,
10,6,3.5,24,1,2,,200,200,200,200,,,,,
10,7,0,24,1,1,,200,200,200,200,,,,,
10,8,1.5,23,1,0,,200,200,200,200,,,,,
10,9,5,24,1,2,,200,200,200,200,,,,,
10,10,0,24,1,1,,200,200,200,200,,,,,
10,11,1.5,23,1,0,,200,200,200,200,,,,,
10,0,35,32,0,2,,200,200,200,200,,,,,
10,1,3,32,0,0,,200,200,200,200,,,,,
10,2,3,32,0,1,,200,200,200,200,,,,,
10,3,3,32,0,2,,200,200,200,200,,,,,
10,4,3,32,0,0,,200,200,200,200,,,,,
10,5,3,32,0,1,,200,200,200,200,,,,,
10,6,3,32,0,2,,200,200,200,200,,,,,
10,7,3,32,0,0,,200,200,200,200,,,,,
10,8,3,32,0,1,,200,200,200,200,,,,,
10,0,28,26,3,2,,200,200,200,200,,,,,
10,1,0,26,3,0,,200,200,200,200,,,,,
10,2,0,26,3,1,,200,200,200,200,,,,,
10,3,3.5,32,3,2,,200,200,200,200,,,,,
10,4,0,32,3,0,,200,200,200,200,,,,,
10,5,0,32,3,1,,200,200,200,200,,,,,
10,6,4.5,26,3,2,,200,200,200,200,,,,,
10,7,0,26,3,0,,200,200,200,200,,,,,
10,8,0,26,3,1,,200,200,200,200,,,,,
10,9,3.5,32,3,2,,200,200,200,200,,,,,
10,10,0,32,3,0,,200,200,200,200,,,,,
10,11,0,32,3,1,,200,200,200,200,,,,,
11,0,0,26,1,2,,200,200,200,200,15,,,,
11,1,4,26,1,0,,200,200,200,200,15,,,,
11,2,4,26,1,1,,200,200,200,200,15,,,,
11,3,4,26,1,2,,200,200,200,200,15,,,,
11,4,4,26,1,0,,200,200,200,200,15,,,,
11,5,4,26,1,1,,200,200,200,200,15,,,,
11,6,4,26,1,2,,200,200,200,200,15,,,,
11,7,4,26,1,0,,200,200,200,200,15,,,,
11,8,4,26,1,1,,200,200,200,200,15,,,,
11,0,1,27,2,1,,200,200,200,200,15,,,,
11,1,4,27,2,0,,200,200,200,200,15,,,,
11,2,4,27,2,2,,200,200,200,200,15,,,,
11,3,4,27,2,1,,200,200,200,200,15,,,,
11,4,4,27,2,0,,200,200,200,200,15,,,,
11,5,4,27,2,2,,200,200,200,200,15,,,,
11,6,4,27,2,1,,200,200,200,200,15,,,,
11,7,4,27,2,0,,200,200,200,200,15,,,,
11,8,4,27,2,2,,200,200,200,200,15,,,,
11,0,35,32,3,-1,,200,200,200,200,15,,,,
11,1,3,32,3,-1,,200,200,200,200,15,,,,
11,2,3,32,3,-1,,200,200,200,200,15,,,,
11,3,3,32,3,-1,,200,200,200,200,15,,,,
11,4,3,32,3,-1,,200,200,200,200,15,,,,
11,5,3,32,3,-1,,200,200,200,200,15,,,,
11,6,3,32,3,-1,,200,200,200,200,15,,,,
11,7,3,32,3,-1,,200,200,200,200,15,,,,
11,8,3,32,3,-1,,200,200,200,200,15,,,,
11,9,3,32,3,-1,,200,200,200,200,15,,,,
11,0,15,32,4,-1,,200,200,200,200,15,,,,
11,1,2.8,32,4,-1,,200,200,200,200,15,,,,
11,2,2.8,32,4,-1,,200,200,200,200,15,,,,
11,3,2.8,32,4,-1,,200,200,200,200,15,,,,
11,4,2.8,32,4,-1,,200,200,200,200,15,,,,
11,5,2.8,32,4,-1,,200,200,200,200,15,,,,
11,6,2.8,32,4,-1,,200,200,200,200,15,,,,
12,0,0,26,0,-1,,200,200,200,200,15,,,,
12,1,2.8,32,0,-1,,200,200,200,200,15,,,,
12,2,2.8,32,0,-1,,200,200,200,200,15,,,,
12,3,2.8,32,0,-1,,200,200,200,200,15,,,,
12,4,2.8,26,0,-1,,200,200,200,200,15,,,,
12,5,2.8,26,0,-1,,200,200,200,200,15,,,,
12,6,2.8,26,0,-1,,200,200,200,200,15,,,,
12,7,2.8,32,0,-1,,200,200,200,200,15,,,,
12,8,2.8,32,0,-1,,200,200,200,200,15,,,,
12,9,2.8,26,0,-1,,200,200,200,200,15,,,,
12,10,2.8,32,0,-1,,200,200,200,200,15,,,,
12,11,2.8,32,0,-1,,200,200,200,200,15,,,,
12,0,12,14,1,0,,200,200,200,200,15,,,,
12,1,2.8,14,1,1,,200,200,200,200,15,,,,
12,2,2.8,14,1,0,,200,200,200,200,15,,,,
12,3,2.8,14,1,1,,200,200,200,200,15,,,,
12,4,2.8,14,1,0,,200,200,200,200,15,,,,
12,5,2.8,14,1,1,,200,200,200,200,15,,,,
12,6,2.8,14,1,0,,200,200,200,200,15,,,,
12,7,2.8,14,1,1,,200,200,200,200,15,,,,
12,8,2.8,14,1,0,,200,200,200,200,15,,,,
12,9,2.8,14,1,1,,200,200,200,200,15,,,,
12,10,2.8,14,1,0,,200,200,200,200,15,,,,
12,11,2.8,14,1,1,,200,200,200,200,15,,,,
12,0,13,14,2,0,,200,200,200,200,15,,,,
12,1,2.8,14,2,2,,200,200,200,200,15,,,,
12,2,2.8,14,2,0,,200,200,200,200,15,,,,
12,3,2.8,14,2,2,,200,200,200,200,15,,,,
12,4,2.8,14,2,0,,200,200,200,200,15,,,,
12,5,2.8,14,2,2,,200,200,200,200,15,,,,
12,6,2.8,14,2,0,,200,200,200,200,15,,,,
12,7,2.8,14,2,2,,200,200,200,200,15,,,,
12,8,2.8,14,2,0,,200,200,200,200,15,,,,
12,9,2.8,14,2,2,,200,200,200,200,15,,,,
12,10,2.8,14,2,0,,200,200,200,200,15,,,,
12,11,2.8,14,2,2,,200,200,200,200,15,,,,
12,0,15,24,0,-1,,200,200,200,200,15,,,,
12,1,2,24,0,-1,,200,200,200,200,15,,,,
12,2,2,24,0,-1,,200,200,200,200,15,,,,
12,3,2,27,0,-1,,200,200,200,200,15,,,,
12,4,2,27,0,-1,,200,200,200,200,15,,,,
12,5,2,27,0,-1,,200,200,200,200,15,,,,
12,6,2,27,0,-1,,200,200,200,200,15,,,,
12,7,2,27,0,-1,,200,200,200,200,15,,,,
12,8,2,24,0,-1,,200,200,200,200,15,,,,
12,9,2,24,0,-1,,200,200,200,200,15,,,,
13,0,0,32,1,-1,,200,200,200,200,15,,,,
13,1,2.5,32,1,-1,,200,200,200,200,15,,,,
13,2,2.5,32,1,-1,,200,200,200,200,15,,,,
13,3,2.5,32,1,-1,,200,200,200,200,15,,,,
13,4,2.5,32,1,-1,,200,200,200,200,15,,,,
13,5,2.5,32,1,-1,,200,200,200,200,15,,,,
13,6,2.5,32,1,-1,,200,200,200,200,15,,,,
13,7,2.5,32,1,-1,,200,200,200,200,15,,,,
13,8,2.5,14,1,-1,,200,200,200,200,15,,,,
13,9,2.5,14,1,-1,,200,200,200,200,15,,,,
13,0,8,27,2,-1,,200,200,200,200,15,,,,
13,1,5,27,2,-1,,200,200,200,200,15,,,,
13,2,5,27,2,-1,,200,200,200,200,15,,,,
13,3,5,27,2,-1,,200,200,200,200,15,,,,
13,4,5,27,2,-1,,200,200,200,200,15,,,,
13,5,1.7,14,2,-1,,200,200,200,200,15,,,,
13,6,1.7,14,2,-1,,200,200,200,200,15,,,,
13,7,1.7,14,2,-1,,200,200,200,200,15,,,,
13,8,1.7,14,2,-1,,200,200,200,200,15,,,,
13,9,1.8,14,2,-1,,200,200,200,200,15,,,,
13,10,1.8,14,2,-1,,200,200,200,200,15,,,,
13,0,25,27,3,1,,200,200,200,200,15,,,,
13,1,0,27,3,2,,200,200,200,200,15,,,,
13,2,2,27,3,1,,200,200,200,200,15,,,,
13,3,0,27,3,2,,200,200,200,200,15,,,,
13,4,2,27,3,1,,200,200,200,200,15,,,,
13,5,0,27,3,2,,200,200,200,200,15,,,,
13,6,2,27,3,1,,200,200,200,200,15,,,,
13,7,0,27,3,2,,200,200,200,200,15,,,,
13,8,1,28,3,1,,200,200,200,200,15,,,,
13,9,1,28,3,2,,200,200,200,200,15,,,,
13,10,1,28,3,0,,200,200,200,200,15,,,,
13,11,1,28,3,0,,200,200,200,200,15,,,,
13,0,35,14,4,-1,,200,200,200,200,15,,,,
13,1,2.8,14,4,-1,,200,200,200,200,15,,,,
13,2,2.8,14,4,-1,,200,200,200,200,15,,,,
13,3,2.8,14,4,-1,,200,200,200,200,15,,,,
13,4,2.8,14,4,-1,,200,200,200,200,15,,,,
13,5,2.8,14,4,-1,,200,200,200,200,15,,,,
13,6,2.8,14,4,-1,,200,200,200,200,15,,,,
13,0,35,26,0,0,,200,200,200,200,15,,,,
13,1,0,26,0,1,,200,200,200,200,15,,,,
13,2,0,26,0,2,,200,200,200,200,15,,,,
13,3,3,27,0,0,,200,200,200,200,15,,,,
13,4,0,27,0,1,,200,200,200,200,15,,,,
13,5,0,27,0,2,,200,200,200,200,15,,,,
13,6,3,26,0,0,,200,200,200,200,15,,,,
13,7,0,26,0,1,,200,200,200,200,15,,,,
13,8,0,26,0,2,,200,200,200,200,15,,,,
14,0,0,14,3,-1,,200,200,200,200,15,,,,
14,1,2.5,26,3,-1,,200,200,200,200,15,,,,
14,2,2.5,14,3,-1,,200,200,200,200,15,,,,
14,3,2.5,26,3,-1,,200,200,200,200,15,,,,
14,4,2.5,14,3,-1,,200,200,200,200,15,,,,
14,5,2.5,26,3,-1,,200,200,200,200,15,,,,
14,6,2.5,14,3,-1,,200,200,200,200,15,,,,
14,7,2.5,26,3,-1,,200,200,200,200,15,,,,
14,8,2.5,14,3,-1,,200,200,200,200,15,,,,
14,9,2.5,26,3,-1,,200,200,200,200,15,,,,
14,10,2.5,14,3,-1,,200,200,200,200,15,,,,
14,11,2.5,26,3,-1,,200,200,200,200,15,,,,
14,12,2.5,14,3,-1,,200,200,200,200,15,,,,
14,13,2.5,26,3,-1,,200,200,200,200,15,,,,
14,14,2.5,14,3,-1,,200,200,200,200,15,,,,
14,0,1,27,1,-1,,200,200,200,200,15,,,,
14,1,2.6,14,1,-1,,200,200,200,200,15,,,,
14,2,2.6,27,1,-1,,200,200,200,200,15,,,,
14,3,2.6,14,1,-1,,200,200,200,200,15,,,,
14,4,2.6,27,1,-1,,200,200,200,200,15,,,,
14,5,2.6,14,1,-1,,200,200,200,200,15,,,,
14,6,2.6,27,1,-1,,200,200,200,200,15,,,,
14,7,2.6,14,1,-1,,200,200,200,200,15,,,,
14,8,2.6,27,1,-1,,200,200,200,200,15,,,,
14,9,2.6,14,1,-1,,200,200,200,200,15,,,,
14,10,2.6,27,1,-1,,200,200,200,200,15,,,,
14,11,2.6,14,1,-1,,200,200,200,200,15,,,,
14,12,2.6,27,1,-1,,200,200,200,200,15,,,,
14,13,2.6,14,1,-1,,200,200,200,200,15,,,,
14,14,2.6,27,1,-1,,200,200,200,200,15,,,,
14,0,50,32,2,-1,,200,200,200,200,15,,,,
14,1,2.5,32,2,0,,200,200,200,200,15,,,,
14,2,2.5,32,2,0,,200,200,200,200,15,,,,
14,3,2.5,32,2,0,,200,200,200,200,15,,,,
14,4,2.5,32,2,1,,200,200,200,200,15,,,,
14,5,2.5,32,2,2,,200,200,200,200,15,,,,
14,6,2.5,32,2,1,,200,200,200,200,15,,,,
14,7,2.5,32,2,2,,200,200,200,200,15,,,,
14,8,2.5,32,2,2,,200,200,200,200,15,,,,
14,9,2.5,32,2,1,,200,200,200,200,15,,,,
14,10,2.5,32,2,1,,200,200,200,200,15,,,,
14,0,25,27,4,1,,200,200,200,200,15,,,,
14,1,0,27,4,2,,200,200,200,200,15,,,,
14,2,3,27,4,1,,200,200,200,200,15,,,,
14,3,0,27,4,2,,200,200,200,200,15,,,,
14,4,3,27,4,1,,200,200,200,200,15,,,,
14,5,0,27,4,2,,200,200,200,200,15,,,,
14,6,3,28,4,1,,200,200,200,200,15,,,,
14,7,0,28,4,2,,200,200,200,200,15,,,,
14,8,3,28,4,1,,200,200,200,200,15,,,,
14,9,0,28,4,2,,200,200,200,200,15,,,,
14,0,35,32,0,-1,,200,200,200,200,15,,,,
14,1,3,32,0,-1,,200,200,200,200,15,,,,
14,2,3,28,0,-1,,200,200,200,200,15,,,,
14,3,3,32,0,-1,,200,200,200,200,15,,,,
14,4,3,28,0,-1,,200,200,200,200,15,,,,
14,5,3,28,0,-1,,200,200,200,200,15,,,,
14,6,3,28,0,-1,,200,200,200,200,15,,,,
14,7,3,28,0,-1,,200,200,200,200,15,,,,
14,8,3,32,0,-1,,200,200,200,200,15,,,,
15,0,0,22,0,-1,,400,400,400,400,15,,,,
15,1,2.5,22,0,-1,,400,400,400,400,15,,,,
15,2,2.5,22,0,-1,,400,400,400,400,15,,,,
15,3,2.5,22,0,-1,,400,400,400,400,15,,,,
15,4,2.5,22,0,-1,,400,400,400,400,15,,,,
15,5,2.5,22,0,-1,,400,400,400,400,15,,,,
15,6,2.5,22,0,-1,,400,400,400,400,15,,,,
15,7,2.5,22,0,-1,,400,400,400,400,15,,,,
15,8,2.5,22,0,-1,,400,400,400,400,15,,,,
15,9,2.5,22,0,-1,,400,400,400,400,15,,,,
15,10,2.5,22,0,-1,,400,400,400,400,15,,,,
15,11,2.5,22,0,-1,,400,400,400,400,15,,,,
15,12,2.5,22,0,-1,,400,400,400,400,15,,,,
15,13,2.5,22,0,-1,,400,400,400,400,15,,,,
15,0,65,23,4,-1,,400,400,400,400,15,,,,
15,1,2.2,24,4,-1,,400,400,400,400,15,,,,
15,2,2.2,24,4,-1,,400,400,400,400,15,,,,
15,3,2.2,24,4,-1,,400,400,400,400,15,,,,
15,4,2.2,24,4,-1,,400,400,400,400,15,,,,
15,5,2.2,24,4,-1,,400,400,400,400,15,,,,
15,6,2.2,24,4,-1,,400,400,400,400,15,,,,
15,7,2.2,24,4,-1,,400,400,400,400,15,,,,
15,8,2.2,24,4,-1,,400,400,400,400,15,,,,
15,9,2.2,24,4,-1,,400,400,400,400,15,,,,
15,10,2.2,24,4,-1,,400,400,400,400,15,,,,
15,11,2.2,24,4,-1,,400,400,400,400,15,,,,
15,12,2.2,24,4,-1,,400,400,400,400,15,,,,
15,13,2.2,24,4,-1,,400,400,400,400,15,,,,
15,14,2.2,24,4,-1,,400,400,400,400,15,,,,
15,15,2.2,24,4,-1,,400,400,400,400,15,,,,
15,0,25,28,1,2,,400,400,400,400,15,,,,
15,1,3,26,1,0,,400,400,400,400,15,,,,
15,2,3,28,1,1,,400,400,400,400,15,,,,
15,3,3,28,1,2,,400,400,400,400,15,,,,
15,4,3,26,1,0,,400,400,400,400,15,,,,
15,5,3,28,1,1,,400,400,400,400,15,,,,
15,6,3,28,1,2,,400,400,400,400,15,,,,
15,7,3,26,1,0,,400,400,400,400,15,,,,
15,8,3,28,1,1,,400,400,400,400,15,,,,
15,9,3,28,1,2,,400,400,400,400,15,,,,
15,10,3,26,1,0,,400,400,400,400,15,,,,
15,11,3,28,1,1,,400,400,400,400,15,,,,
15,12,3,28,1,2,,400,400,400,400,15,,,,
15,13,3,26,1,0,,400,400,400,400,15,,,,
15,14,3,28,1,1,,400,400,400,400,15,,,,
15,0,15,28,2,1,,400,400,400,400,15,,,,
15,1,3,26,2,0,,400,400,400,400,15,,,,
15,2,3,28,2,2,,400,400,400,400,15,,,,
15,3,3,28,2,1,,400,400,400,400,15,,,,
15,4,3,26,2,0,,400,400,400,400,15,,,,
15,5,3,28,2,2,,400,400,400,400,15,,,,
15,6,3,28,2,1,,400,400,400,400,15,,,,
15,7,3,26,2,0,,400,400,400,400,15,,,,
15,8,3,28,2,2,,400,400,400,400,15,,,,
15,9,3,28,2,1,,400,400,400,400,15,,,,
15,10,3,26,2,0,,400,400,400,400,15,,,,
15,11,3,28,2,2,,400,400,400,400,15,,,,
16,0,0,27,3,-1,,400,400,400,400,15,,,,
16,1,6,27,3,-1,,400,400,400,400,15,,,,
16,2,6,27,3,-1,,400,400,400,400,15,,,,
16,3,6,27,3,-1,,400,400,400,400,15,,,,
16,4,6,27,3,-1,,400,400,400,400,15,,,,
16,5,6,27,3,-1,,400,400,400,400,15,,,,
16,6,6,27,3,-1,,400,400,400,400,15,,,,
16,7,6,28,3,-1,,400,400,400,400,15,,,,
16,8,6,28,3,-1,,400,400,400,400,15,,,,
16,9,6,28,3,-1,,400,400,400,400,15,,,,
16,0,0,23,1,-1,,400,400,400,400,15,,,,
16,1,3.2,23,1,-1,,400,400,400,400,15,,,,
16,2,3.2,23,1,-1,,400,400,400,400,15,,,,
16,3,3.2,23,1,-1,,400,400,400,400,15,,,,
16,4,3.2,23,1,-1,,400,400,400,400,15,,,,
16,5,3.2,23,1,-1,,400,400,400,400,15,,,,
16,6,3.2,23,1,-1,,400,400,400,400,15,,,,
16,7,3.2,24,1,-1,,400,400,400,400,15,,,,
16,8,3.2,24,1,-1,,400,400,400,400,15,,,,
16,9,3.2,24,1,-1,,400,400,400,400,15,,,,
16,10,3.2,24,1,-1,,400,400,400,400,15,,,,
16,11,3.2,24,1,-1,,400,400,400,400,15,,,,
16,12,3.2,24,1,-1,,400,400,400,400,15,,,,
16,13,3.2,24,1,-1,,400,400,400,400,15,,,,
16,0,22,28,2,1,,400,400,400,400,15,,,,
16,1,0,28,2,2,,400,400,400,400,15,,,,
16,2,3,28,2,1,,400,400,400,400,15,,,,
16,3,0,28,2,2,,400,400,400,400,15,,,,
16,4,3,28,2,1,,400,400,400,400,15,,,,
16,5,0,28,2,2,,400,400,400,400,15,,,,
16,6,3,28,2,1,,400,400,400,400,15,,,,
16,7,0,28,2,2,,400,400,400,400,15,,,,
16,8,3,28,2,1,,400,400,400,400,15,,,,
16,9,0,28,2,2,,400,400,400,400,15,,,,
16,10,3,28,2,1,,400,400,400,400,15,,,,
16,11,0,28,2,2,,400,400,400,400,15,,,,
16,12,3,28,2,1,,400,400,400,400,15,,,,
16,13,0,28,2,2,,400,400,400,400,15,,,,
16,14,2,28,2,1,,400,400,400,400,15,,,,
16,15,0,28,2,2,,400,400,400,400,15,,,,
16,16,2,28,2,1,,400,400,400,400,15,,,,
16,0,32,32,4,-1,,400,400,400,400,15,,,,
16,1,2.2,32,4,-1,,400,400,400,400,15,,,,
16,2,2.2,32,4,-1,,400,400,400,400,15,,,,
16,3,2.2,32,4,-1,,400,400,400,400,15,,,,
16,4,2.2,32,4,-1,,400,400,400,400,15,,,,
16,5,2.2,32,4,-1,,400,400,400,400,15,,,,
16,6,2.2,32,4,-1,,400,400,400,400,15,,,,
16,7,2.2,32,4,-1,,400,400,400,400,15,,,,
16,8,2.2,32,4,-1,,400,400,400,400,15,,,,
17,0,0,28,1,2,,400,400,400,400,15,,,,
17,1,2.8,27,1,1,,400,400,400,400,15,,,,
17,2,2.8,26,1,2,,400,400,400,400,15,,,,
17,3,2.8,27,1,1,,400,400,400,400,15,,,,
17,4,2.8,26,1,2,,400,400,400,400,15,,,,
17,5,2.8,27,1,1,,400,400,400,400,15,,,,
17,6,2.8,26,1,2,,400,400,400,400,15,,,,
17,7,2.8,27,1,1,,400,400,400,400,15,,,,
17,8,2.8,26,1,2,,400,400,400,400,15,,,,
17,9,2.8,27,1,1,,400,400,400,400,15,,,,
17,10,2.8,26,1,2,,400,400,400,400,15,,,,
17,11,2.8,27,1,1,,400,400,400,400,15,,,,
17,12,2.8,26,1,2,,400,400,400,400,15,,,,
17,13,2.8,27,1,1,,400,400,400,400,15,,,,
17,14,2.8,26,1,2,,400,400,400,400,15,,,,
17,0,20,26,3,-1,,400,400,400,400,15,,,,
17,1,2.8,23,3,-1,,400,400,400,400,15,,,,
17,2,2.8,26,3,-1,,400,400,400,400,15,,,,
17,3,2.8,23,3,-1,,400,400,400,400,15,,,,
17,4,2.8,26,3,-1,,400,400,400,400,15,,,,
17,5,2.8,23,3,-1,,400,400,400,400,15,,,,
17,6,2.8,26,3,-1,,400,400,400,400,15,,,,
17,7,2.8,23,3,-1,,400,400,400,400,15,,,,
17,8,2.8,26,3,-1,,400,400,400,400,15,,,,
17,9,2.8,23,3,-1,,400,400,400,400,15,,,,
17,10,2.8,26,3,-1,,400,400,400,400,15,,,,
17,11,2.8,23,3,-1,,400,400,400,400,15,,,,
17,12,2.8,26,3,-1,,400,400,400,400,15,,,,
17,13,2.8,23,3,-1,,400,400,400,400,15,,,,
17,14,2.8,26,3,-1,,400,400,400,400,15,,,,
17,0,50,22,0,-1,,400,400,400,400,15,,,,
17,1,3.2,32,0,-1,,400,400,400,400,15,,,,
17,2,3.2,32,0,-1,,400,400,400,400,15,,,,
17,3,3.2,32,0,-1,,400,400,400,400,15,,,,
17,4,3.2,26,0,-1,,400,400,400,400,15,,,,
17,5,3.2,26,0,-1,,400,400,400,400,15,,,,
17,6,3.2,22,0,-1,,400,400,400,400,15,,,,
17,7,3.2,32,0,-1,,400,400,400,400,15,,,,
17,8,3.2,26,0,-1,,400,400,400,400,15,,,,
17,9,3.2,26,0,-1,,400,400,400,400,15,,,,
17,10,3.2,32,0,-1,,400,400,400,400,15,,,,
17,11,3.2,26,0,-1,,400,400,400,400,15,,,,
17,12,3.2,32,0,-1,,400,400,400,400,15,,,,
17,0,65,27,2,-1,,400,400,400,400,15,,,,
17,1,5,27,2,-1,,400,400,400,400,15,,,,
17,2,5,27,2,-1,,400,400,400,400,15,,,,
17,3,5,27,2,-1,,400,400,400,400,15,,,,
17,4,5,27,2,-1,,400,400,400,400,15,,,,
17,5,5,27,2,-1,,400,400,400,400,15,,,,
17,6,5,27,2,-1,,400,400,400,400,15,,,,
17,7,5,28,2,-1,,400,400,400,400,15,,,,
17,8,5,28,2,-1,,400,400,400,400,15,,,,
17,9,5,28,2,-1,,400,400,400,400,15,,,,
17,10,5,28,2,-1,,400,400,400,400,15,,,,
17,11,5,28,2,-1,,400,400,400,400,15,,,,
17,12,5,28,2,-1,,400,400,400,400,15,,,,
17,13,5,28,2,-1,,400,400,400,400,15,,,,
18,0,0,22,1,-1,,400,400,400,400,15,,,,
18,1,3,24,1,-1,,400,400,400,400,15,,,,
18,2,3,22,1,-1,,400,400,400,400,15,,,,
18,3,3,24,1,-1,,400,400,400,400,15,,,,
18,4,3,22,1,-1,,400,400,400,400,15,,,,
18,5,3,24,1,-1,,400,400,400,400,15,,,,
18,6,3,22,1,-1,,400,400,400,400,15,,,,
18,7,3,24,1,-1,,400,400,400,400,15,,,,
18,8,3,22,1,-1,,400,400,400,400,15,,,,
18,9,3,24,1,-1,,400,400,400,400,15,,,,
18,10,3,22,1,-1,,400,400,400,400,15,,,,
18,11,3,24,1,-1,,400,400,400,400,15,,,,
18,12,3,22,1,-1,,400,400,400,400,15,,,,
18,13,3,24,1,-1,,400,400,400,400,15,,,,
18,14,3,22,1,-1,,400,400,400,400,15,,,,
18,15,3,24,1,-1,,400,400,400,400,15,,,,
18,16,3,22,1,-1,,400,400,400,400,15,,,,
18,17,3,24,1,-1,,400,400,400,400,15,,,,
18,18,3,22,1,-1,,400,400,400,400,15,,,,
18,19,3,24,1,-1,,400,400,400,400,15,,,,
18,20,3,22,1,-1,,400,400,400,400,15,,,,
18,21,3,24,1,-1,,400,400,400,400,15,,,,
18,0,1,23,2,-1,,400,400,400,400,15,,,,
18,1,3,22,2,-1,,400,400,400,400,15,,,,
18,2,3,23,2,-1,,400,400,400,400,15,,,,
18,3,3,22,2,-1,,400,400,400,400,15,,,,
18,4,3,23,2,-1,,400,400,400,400,15,,,,
18,5,3,22,2,-1,,400,400,400,400,15,,,,
18,6,3,23,2,-1,,400,400,400,400,15,,,,
18,7,3,22,2,-1,,400,400,400,400,15,,,,
18,8,3,23,2,-1,,400,400,400,400,15,,,,
18,9,3,22,2,-1,,400,400,400,400,15,,,,
18,10,3,23,2,-1,,400,400,400,400,15,,,,
18,11,3,22,2,-1,,400,400,400,400,15,,,,
18,12,3,23,2,-1,,400,400,400,400,15,,,,
18,13,3,22,2,-1,,400,400,400,400,15,,,,
18,14,3,23,2,-1,,400,400,400,400,15,,,,
18,15,3,22,2,-1,,400,400,400,400,15,,,,
18,16,3,23,2,-1,,400,400,400,400,15,,,,
18,17,3,22,2,-1,,400,400,400,400,15,,,,
18,18,3,23,2,-1,,400,400,400,400,15,,,,
18,19,3,22,2,-1,,400,400,400,400,15,,,,
18,20,3,23,2,-1,,400,400,400,400,15,,,,
18,21,3,22,2,-1,,400,400,400,400,15,,,,
18,0,22,26,4,0,,400,400,400,400,15,,,,
18,1,0,26,4,1,,400,400,400,400,15,,,,
18,2,0,26,4,2,,400,400,400,400,15,,,,
18,3,2.2,32,4,0,,400,400,400,400,15,,,,
18,4,0,32,4,1,,400,400,400,400,15,,,,
18,5,0,32,4,2,,400,400,400,400,15,,,,
18,6,2.2,26,4,0,,400,400,400,400,15,,,,
18,7,0,26,4,1,,400,400,400,400,15,,,,
18,8,0,26,4,2,,400,400,400,400,15,,,,
18,9,2.2,32,4,0,,400,400,400,400,15,,,,
18,10,0,32,4,1,,400,400,400,400,15,,,,
18,11,0,32,4,2,,400,400,400,400,15,,,,
18,12,2.2,26,4,0,,400,400,400,400,15,,,,
18,13,0,26,4,1,,400,400,400,400,15,,,,
18,14,0,26,4,2,,400,400,400,400,15,,,,
18,15,2.2,32,4,0,,400,400,400,400,15,,,,
18,16,0,32,4,1,,400,400,400,400,15,,,,
18,17,0,32,4,2,,400,400,400,400,15,,,,
18,18,2.2,26,4,0,,400,400,400,400,15,,,,
18,19,0,26,4,1,,400,400,400,400,15,,,,
18,20,0,26,4,2,,400,400,400,400,15,,,,
18,21,2.2,32,4,0,,400,400,400,400,15,,,,
18,22,0,32,4,1,,400,400,400,400,15,,,,
18,23,0,32,4,2,,400,400,400,400,15,,,,
18,24,1.5,27,4,-1,,400,400,400,400,15,,,,
18,25,1.5,27,4,-1,,400,400,400,400,15,,,,
18,26,1.5,27,4,-1,,400,400,400,400,15,,,,
18,27,1.5,27,4,-1,,400,400,400,400,15,,,,
18,28,1.5,27,4,-1,,400,400,400,400,15,,,,
18,0,40,23,0,-1,,400,400,400,400,15,,,,
18,1,2.6,23,0,-1,,400,400,400,400,15,,,,
18,2,2.6,23,0,-1,,400,400,400,400,15,,,,
18,3,2.6,23,0,-1,,400,400,400,400,15,,,,
18,4,2.6,23,0,-1,,400,400,400,400,15,,,,
18,5,2.6,22,0,-1,,400,400,400,400,15,,,,
18,6,2.6,22,0,-1,,400,400,400,400,15,,,,
18,7,2.6,22,0,-1,,400,400,400,400,15,,,,
19,0,0,22,1,0,,400,400,400,400,15,,,,
19,1,2.2,22,1,1,,400,400,400,400,15,,,,
19,2,2.2,22,1,0,,400,400,400,400,15,,,,
19,3,2.2,22,1,1,,400,400,400,400,15,,,,
19,4,2.2,22,1,0,,400,400,400,400,15,,,,
19,5,2.2,22,1,1,,400,400,400,400,15,,,,
19,6,2.2,22,1,0,,400,400,400,400,15,,,,
19,7,2.2,22,1,1,,400,400,400,400,15,,,,
19,8,1,24,1,2,,400,400,400,400,15,,,,
19,9,0,24,1,0,,400,400,400,400,15,,,,
19,10,0,24,1,1,,400,400,400,400,15,,,,
19,11,2,24,1,2,,400,400,400,400,15,,,,
19,12,0,24,1,0,,400,400,400,400,15,,,,
19,13,0,24,1,1,,400,400,400,400,15,,,,
19,14,2,23,1,2,,400,400,400,400,15,,,,
19,15,0,23,1,0,,400,400,400,400,15,,,,
19,16,0,23,1,1,,400,400,400,400,15,,,,
19,17,0.6,20,1,-1,,400,400,400,400,15,,,,
19,18,2,25,1,-1,,400,400,400,400,15,,,,
19,19,0.3,20,1,0,,400,400,400,400,15,,,,
19,20,3,20,1,-1,,400,400,400,400,15,,,,
19,21,1.2,23,1,-1,,400,400,400,400,15,,,,
19,22,3,23,1,-1,,400,400,400,400,15,,,,
19,23,3,24,1,-1,,400,400,400,400,15,,,,
19,24,3,20,1,-1,,400,400,400,400,15,,,,
19,25,3,23,1,-1,,400,400,400,400,15,,,,
19,0,3,22,2,0,,400,400,400,400,15,,,,
19,1,2.8,22,2,2,,400,400,400,400,15,,,,
19,2,2.8,22,2,0,,400,400,400,400,15,,,,
19,3,2.8,22,2,2,,400,400,400,400,15,,,,
19,4,2.8,22,2,0,,400,400,400,400,15,,,,
19,5,2.8,22,2,2,,400,400,400,400,15,,,,
19,6,2.8,22,2,0,,400,400,400,400,15,,,,
19,7,2.8,22,2,2,,400,400,400,400,15,,,,
19,8,2.8,22,2,0,,400,400,400,400,15,,,,
19,9,2.8,28,2,2,,400,400,400,400,15,,,,
19,10,2.8,28,2,0,,400,400,400,400,15,,,,
19,11,2.8,22,2,2,,400,400,400,400,15,,,,
19,12,2.8,22,2,0,,400,400,400,400,15,,,,
19,13,2.8,28,2,2,,400,400,400,400,15,,,,
19,14,2.8,28,2,0,,400,400,400,400,15,,,,
19,15,2.8,22,2,2,,400,400,400,400,15,,,,
19,16,3,28,2,0,,400,400,400,400,15,,,,
19,17,0,28,2,2,,400,400,400,400,15,,,,
19,18,0,28,2,1,,400,400,400,400,15,,,,
19,19,3,28,2,0,,400,400,400,400,15,,,,
19,20,0,28,2,2,,400,400,400,400,15,,,,
19,21,0,28,2,1,,400,400,400,400,15,,,,
19,22,3,28,2,0,,400,400,400,400,15,,,,
19,23,0,28,2,2,,400,400,400,400,15,,,,
19,24,0,28,2,1,,400,400,400,400,15,,,,
19,0,65,22,3,2,,400,400,400,400,15,,,,
19,1,4.5,22,3,1,,400,400,400,400,15,,,,
19,2,4.5,22,3,0,,400,400,400,400,15,,,,
19,3,4.5,22,3,2,,400,400,400,400,15,,,,
19,4,4.5,22,3,1,,400,400,400,400,15,,,,
19,5,4.5,22,3,0,,400,400,400,400,15,,,,
19,6,4.5,22,3,2,,400,400,400,400,15,,,,
19,7,4.5,22,3,1,,400,400,400,400,15,,,,
19,8,4.5,22,3,0,,400,400,400,400,15,,,,
19,9,1,26,3,1,,400,400,400,400,15,,,,
19,10,0,26,3,2,,400,400,400,400,15,,,,
19,11,2,26,3,0,,400,400,400,400,15,,,,
19,12,2,27,3,1,,400,400,400,400,15,,,,
19,13,0,27,3,2,,400,400,400,400,15,,,,
19,14,2,27,3,0,,400,400,400,400,15,,,,
19,15,2,26,3,1,,400,400,400,400,15,,,,
19,16,0,26,3,2,,400,400,400,400,15,,,,
19,17,2,26,3,0,,400,400,400,400,15,,,,
19,18,2,26,3,1,,400,400,400,400,15,,,,
19,19,0,27,3,2,,400,400,400,400,15,,,,
19,20,2,27,3,0,,400,400,400,400,15,,,,
19,21,2,26,3,1,,400,400,400,400,15,,,,
19,22,0,26,3,2,,400,400,400,400,15,,,,
19,23,2,26,3,0,,400,400,400,400,15,,,,
19,24,2,27,3,1,,400,400,400,400,15,,,,
19,25,0,27,3,2,,400,400,400,400,15,,,,
19,26,2,27,3,0,,400,400,400,400,15,,,,
19,27,1,27,3,0,,400,400,400,400,15,,,,
19,0,85,28,4,-1,,400,400,400,400,15,,,,
19,1,2.5,22,4,-1,,400,400,400,400,15,,,,
19,2,2.5,28,4,-1,,400,400,400,400,15,,,,
19,3,2.5,22,4,-1,,400,400,400,400,15,,,,
19,4,2.5,28,4,-1,,400,400,400,400,15,,,,
19,5,2.5,22,4,-1,,400,400,400,400,15,,,,
19,6,2.5,28,4,-1,,400,400,400,400,15,,,,
19,7,2.5,22,4,-1,,400,400,400,400,15,,,,
19,8,1,22,4,-1,,400,400,400,400,15,,,,
19,9,1.2,22,4,-1,,400,400,400,400,15,,,,
19,10,1,28,4,-1,,400,400,400,400,15,,,,
19,0,45,32,0,-1,,400,400,400,400,15,,,,
19,1,2.5,32,0,-1,,400,400,400,400,15,,,,
19,2,2.5,27,0,-1,,400,400,400,400,15,,,,
19,3,2.5,27,0,-1,,400,400,400,400,15,,,,
19,4,2.5,22,0,-1,,400,400,400,400,15,,,,
19,5,2.5,27,0,-1,,400,400,400,400,15,,,,
19,6,2.5,22,0,-1,,400,400,400,400,15,,,,
19,7,2.5,32,0,-1,,400,400,400,400,15,,,,
19,8,2.5,22,0,-1,,400,400,400,400,15,,,,
19,9,2.5,32,0,-1,,400,400,400,400,15,,,,
19,10,2.5,32,0,-1,,400,400,400,400,15,,,,
19,11,1.7,32,0,-1,,400,400,400,400,15,,,,
19,12,1.7,8,0,-1,,400,400,400,400,15,,,,
19,13,1.7,32,0,-1,,400,400,400,400,15,,,,
19,14,1.8,32,0,-1,,400,400,400,400,15,,,,
19,15,1.7,32,0,-1,,400,400,400,400,15,,,,
19,16,1.7,22,0,-1,,400,400,400,400,15,,,,
19,17,2,22,0,-1,,400,400,400,400,15,,,,
20,0,0,24,1,2,,600,600,600,600,20,,,,
20,1,0,24,1,1,,600,600,600,600,20,,,,
20,2,1.5,23,1,0,,600,600,600,600,20,,,,
20,3,3.5,24,1,2,,600,600,600,600,20,,,,
20,4,0,24,1,1,,600,600,600,600,20,,,,
20,5,1.5,23,1,0,,600,600,600,600,20,,,,
20,6,3.5,24,1,2,,600,600,600,600,20,,,,
20,7,0,24,1,1,,600,600,600,600,20,,,,
20,8,1.5,23,1,0,,600,600,600,600,20,,,,
20,9,5,24,1,2,,600,600,600,600,20,,,,
20,10,0,24,1,1,,600,600,600,600,20,,,,
20,11,1.5,23,1,0,,600,600,600,600,20,,,,
20,0,35,32,0,2,,600,600,600,600,20,,,,
20,1,3,32,0,0,,600,600,600,600,20,,,,
20,2,3,32,0,1,,600,600,600,600,20,,,,
20,3,3,32,0,2,,600,600,600,600,20,,,,
20,4,3,32,0,0,,600,600,600,600,20,,,,
20,5,3,32,0,1,,600,600,600,600,20,,,,
20,6,3,32,0,2,,600,600,600,600,20,,,,
20,7,3,32,0,0,,600,600,600,600,20,,,,
20,8,3,32,0,1,,600,600,600,600,20,,,,
20,0,28,26,3,2,,600,600,600,600,20,,,,
20,1,0,26,3,0,,600,600,600,600,20,,,,
20,2,0,26,3,1,,600,600,600,600,20,,,,
20,3,3.5,32,3,2,,600,600,600,600,20,,,,
20,4,0,32,3,0,,600,600,600,600,20,,,,
20,5,0,32,3,1,,600,600,600,600,20,,,,
20,6,4.5,26,3,2,,600,600,600,600,20,,,,
20,7,0,26,3,0,,600,600,600,600,20,,,,
20,8,0,26,3,1,,600,600,600,600,20,,,,
20,9,3.5,32,3,2,,600,600,600,600,20,,,,
20,10,0,32,3,0,,600,600,600,600,20,,,,
20,11,0,32,3,1,,600,600,600,600,20,,,,
21,0,0,26,1,2,,600,600,600,600,20,,,,
21,1,4,26,1,0,,600,600,600,600,20,,,,
21,2,4,26,1,1,,600,600,600,600,20,,,,
21,3,4,26,1,2,,600,600,600,600,20,,,,
21,4,4,26,1,0,,600,600,600,600,20,,,,
21,5,4,26,1,1,,600,600,600,600,20,,,,
21,6,4,26,1,2,,600,600,600,600,20,,,,
21,7,4,26,1,0,,600,600,600,600,20,,,,
21,8,4,26,1,1,,600,600,600,600,20,,,,
21,0,1,27,2,1,,600,600,600,600,20,,,,
21,1,4,27,2,0,,600,600,600,600,20,,,,
21,2,4,27,2,2,,600,600,600,600,20,,,,
21,3,4,27,2,1,,600,600,600,600,20,,,,
21,4,4,27,2,0,,600,600,600,600,20,,,,
21,5,4,27,2,2,,600,600,600,600,20,,,,
21,6,4,27,2,1,,600,600,600,600,20,,,,
21,7,4,27,2,0,,600,600,600,600,20,,,,
21,8,4,27,2,2,,600,600,600,600,20,,,,
21,0,35,32,3,-1,,600,600,600,600,20,,,,
21,1,3,32,3,-1,,600,600,600,600,20,,,,
21,2,3,32,3,-1,,600,600,600,600,20,,,,
21,3,3,32,3,-1,,600,600,600,600,20,,,,
21,4,3,32,3,-1,,600,600,600,600,20,,,,
21,5,3,32,3,-1,,600,600,600,600,20,,,,
21,6,3,32,3,-1,,600,600,600,600,20,,,,
21,7,3,32,3,-1,,600,600,600,600,20,,,,
21,8,3,32,3,-1,,600,600,600,600,20,,,,
21,9,3,32,3,-1,,600,600,600,600,20,,,,
21,0,15,32,4,-1,,600,600,600,600,20,,,,
21,1,2.8,32,4,-1,,600,600,600,600,20,,,,
21,2,2.8,32,4,-1,,600,600,600,600,20,,,,
21,3,2.8,32,4,-1,,600,600,600,600,20,,,,
21,4,2.8,32,4,-1,,600,600,600,600,20,,,,
21,5,2.8,32,4,-1,,600,600,600,600,20,,,,
21,6,2.8,32,4,-1,,600,600,600,600,20,,,,
22,0,0,27,0,-1,,600,600,600,600,20,,,,
22,1,2.8,32,0,-1,,600,600,600,600,20,,,,
22,2,2.8,32,0,-1,,600,600,600,600,20,,,,
22,3,2.8,32,0,-1,,600,600,600,600,20,,,,
22,4,2.8,27,0,-1,,600,600,600,600,20,,,,
22,5,2.8,27,0,-1,,600,600,600,600,20,,,,
22,6,2.8,27,0,-1,,600,600,600,600,20,,,,
22,7,2.8,32,0,-1,,600,600,600,600,20,,,,
22,8,2.8,32,0,-1,,600,600,600,600,20,,,,
22,9,2.8,27,0,-1,,600,600,600,600,20,,,,
22,10,2.8,32,0,-1,,600,600,600,600,20,,,,
22,11,2.8,32,0,-1,,600,600,600,600,20,,,,
22,0,12,22,1,0,,600,600,600,600,20,,,,
22,1,2.8,22,1,1,,600,600,600,600,20,,,,
22,2,2.8,22,1,0,,600,600,600,600,20,,,,
22,3,2.8,22,1,1,,600,600,600,600,20,,,,
22,4,2.8,22,1,0,,600,600,600,600,20,,,,
22,5,2.8,22,1,1,,600,600,600,600,20,,,,
22,6,2.8,22,1,0,,600,600,600,600,20,,,,
22,7,2.8,22,1,1,,600,600,600,600,20,,,,
22,8,2.8,22,1,0,,600,600,600,600,20,,,,
22,9,2.8,22,1,1,,600,600,600,600,20,,,,
22,10,2.8,22,1,0,,600,600,600,600,20,,,,
22,11,2.8,22,1,1,,600,600,600,600,20,,,,
22,0,13,22,2,0,,600,600,600,600,20,,,,
22,1,2.8,22,2,2,,600,600,600,600,20,,,,
22,2,2.8,22,2,0,,600,600,600,600,20,,,,
22,3,2.8,22,2,2,,600,600,600,600,20,,,,
22,4,2.8,22,2,0,,600,600,600,600,20,,,,
22,5,2.8,22,2,2,,600,600,600,600,20,,,,
22,6,2.8,22,2,0,,600,600,600,600,20,,,,
22,7,2.8,22,2,2,,600,600,600,600,20,,,,
22,8,2.8,22,2,0,,600,600,600,600,20,,,,
22,9,2.8,22,2,2,,600,600,600,600,20,,,,
22,10,2.8,22,2,0,,600,600,600,600,20,,,,
22,11,2.8,22,2,2,,600,600,600,600,20,,,,
22,0,25,24,0,-1,,600,600,600,600,20,,,,
22,1,2,24,0,-1,,600,600,600,600,20,,,,
22,2,2,24,0,-1,,600,600,600,600,20,,,,
22,3,2,27,0,-1,,600,600,600,600,20,,,,
22,4,2,27,0,-1,,600,600,600,600,20,,,,
22,5,2,27,0,-1,,600,600,600,600,20,,,,
22,6,2,27,0,-1,,600,600,600,600,20,,,,
22,7,2,27,0,-1,,600,600,600,600,20,,,,
22,8,2,24,0,-1,,600,600,600,600,20,,,,
22,9,2,24,0,-1,,600,600,600,600,20,,,,
23,0,0,32,1,-1,,600,600,600,600,20,,,,
23,1,2.5,32,1,-1,,600,600,600,600,20,,,,
23,2,2.5,32,1,-1,,600,600,600,600,20,,,,
23,3,2.5,32,1,-1,,600,600,600,600,20,,,,
23,4,2.5,32,1,-1,,600,600,600,600,20,,,,
23,5,2.5,32,1,-1,,600,600,600,600,20,,,,
23,6,2.5,32,1,-1,,600,600,600,600,20,,,,
23,7,2.5,32,1,-1,,600,600,600,600,20,,,,
23,8,2.5,22,1,-1,,600,600,600,600,20,,,,
23,9,2.5,22,1,-1,,600,600,600,600,20,,,,
23,0,8,27,2,-1,,600,600,600,600,20,,,,
23,1,5,27,2,-1,,600,600,600,600,20,,,,
23,2,5,27,2,-1,,600,600,600,600,20,,,,
23,3,5,27,2,-1,,600,600,600,600,20,,,,
23,4,5,27,2,-1,,600,600,600,600,20,,,,
23,5,1.7,22,2,-1,,600,600,600,600,20,,,,
23,6,1.7,22,2,-1,,600,600,600,600,20,,,,
23,7,1.7,22,2,-1,,600,600,600,600,20,,,,
23,8,1.7,22,2,-1,,600,600,600,600,20,,,,
23,9,1.8,22,2,-1,,600,600,600,600,20,,,,
23,10,1.8,22,2,-1,,600,600,600,600,20,,,,
23,0,18,27,3,1,,600,600,600,600,20,,,,
23,1,0,27,3,2,,600,600,600,600,20,,,,
23,2,2,27,3,1,,600,600,600,600,20,,,,
23,3,0,27,3,2,,600,600,600,600,20,,,,
23,4,2,27,3,1,,600,600,600,600,20,,,,
23,5,0,27,3,2,,600,600,600,600,20,,,,
23,6,2,27,3,1,,600,600,600,600,20,,,,
23,7,0,27,3,2,,600,600,600,600,20,,,,
23,8,1,28,3,1,,600,600,600,600,20,,,,
23,9,1,28,3,2,,600,600,600,600,20,,,,
23,10,1,28,3,0,,600,600,600,600,20,,,,
23,11,1,28,3,0,,600,600,600,600,20,,,,
23,0,25,22,4,-1,,600,600,600,600,20,,,,
23,1,2.8,22,4,-1,,600,600,600,600,20,,,,
23,2,2.8,22,4,-1,,600,600,600,600,20,,,,
23,3,2.8,22,4,-1,,600,600,600,600,20,,,,
23,4,2.8,22,4,-1,,600,600,600,600,20,,,,
23,5,2.8,22,4,-1,,600,600,600,600,20,,,,
23,6,2.8,22,4,-1,,600,600,600,600,20,,,,
23,0,27,26,0,0,,600,600,600,600,20,,,,
23,1,0,26,0,1,,600,600,600,600,20,,,,
23,2,0,26,0,2,,600,600,600,600,20,,,,
23,3,1.2,27,0,0,,600,600,600,600,20,,,,
23,4,0,27,0,1,,600,600,600,600,20,,,,
23,5,0,27,0,2,,600,600,600,600,20,,,,
23,6,1.2,26,0,0,,600,600,600,600,20,,,,
23,7,0,26,0,1,,600,600,600,600,20,,,,
23,8,0,26,0,2,,600,600,600,600,20,,,,
24,0,0,22,3,-1,,600,600,600,600,20,,,,
24,1,2.5,26,3,-1,,600,600,600,600,20,,,,
24,2,2.5,22,3,-1,,600,600,600,600,20,,,,
24,3,2.5,26,3,-1,,600,600,600,600,20,,,,
24,4,2.5,22,3,-1,,600,600,600,600,20,,,,
24,5,2.5,26,3,-1,,600,600,600,600,20,,,,
24,6,2.5,22,3,-1,,600,600,600,600,20,,,,
24,7,2.5,26,3,-1,,600,600,600,600,20,,,,
24,8,2.5,22,3,-1,,600,600,600,600,20,,,,
24,9,2.5,26,3,-1,,600,600,600,600,20,,,,
24,10,2.5,22,3,-1,,600,600,600,600,20,,,,
24,11,2.5,26,3,-1,,600,600,600,600,20,,,,
24,12,2.5,22,3,-1,,600,600,600,600,20,,,,
24,13,2.5,26,3,-1,,600,600,600,600,20,,,,
24,14,2.5,22,3,-1,,600,600,600,600,20,,,,
24,0,1,27,1,-1,,600,600,600,600,20,,,,
24,1,2.6,22,1,-1,,600,600,600,600,20,,,,
24,2,2.6,27,1,-1,,600,600,600,600,20,,,,
24,3,2.6,22,1,-1,,600,600,600,600,20,,,,
24,4,2.6,27,1,-1,,600,600,600,600,20,,,,
24,5,2.6,22,1,-1,,600,600,600,600,20,,,,
24,6,2.6,27,1,-1,,600,600,600,600,20,,,,
24,7,2.6,22,1,-1,,600,600,600,600,20,,,,
24,8,2.6,27,1,-1,,600,600,600,600,20,,,,
24,9,2.6,22,1,-1,,600,600,600,600,20,,,,
24,10,2.6,27,1,-1,,600,600,600,600,20,,,,
24,11,2.6,22,1,-1,,600,600,600,600,20,,,,
24,12,2.6,27,1,-1,,600,600,600,600,20,,,,
24,13,2.6,22,1,-1,,600,600,600,600,20,,,,
24,14,2.6,27,1,-1,,600,600,600,600,20,,,,
24,0,10,32,2,-1,,600,600,600,600,20,,,,
24,1,2.5,32,2,0,,600,600,600,600,20,,,,
24,2,2.5,32,2,0,,600,600,600,600,20,,,,
24,3,2.5,32,2,0,,600,600,600,600,20,,,,
24,4,2.5,32,2,1,,600,600,600,600,20,,,,
24,5,2.5,32,2,2,,600,600,600,600,20,,,,
24,6,2.5,32,2,1,,600,600,600,600,20,,,,
24,7,2.5,32,2,2,,600,600,600,600,20,,,,
24,8,2.5,32,2,2,,600,600,600,600,20,,,,
24,9,2.5,32,2,1,,600,600,600,600,20,,,,
24,10,2.5,32,2,1,,600,600,600,600,20,,,,
24,0,35,27,4,1,,600,600,600,600,20,,,,
24,1,0,27,4,2,,600,600,600,600,20,,,,
24,2,3,27,4,1,,600,600,600,600,20,,,,
24,3,0,27,4,2,,600,600,600,600,20,,,,
24,4,3,27,4,1,,600,600,600,600,20,,,,
24,5,0,27,4,2,,600,600,600,600,20,,,,
24,6,3,28,4,1,,600,600,600,600,20,,,,
24,7,0,28,4,2,,600,600,600,600,20,,,,
24,8,3,28,4,1,,600,600,600,600,20,,,,
24,9,0,28,4,2,,600,600,600,600,20,,,,
24,0,0,32,0,-1,,600,600,600,600,20,,,,
24,1,3,32,0,-1,,600,600,600,600,20,,,,
24,2,3,28,0,-1,,600,600,600,600,20,,,,
24,3,3,32,0,-1,,600,600,600,600,20,,,,
24,4,3,28,0,-1,,600,600,600,600,20,,,,
24,5,3,28,0,-1,,600,600,600,600,20,,,,
24,6,3,28,0,-1,,600,600,600,600,20,,,,
24,7,3,28,0,-1,,600,600,600,600,20,,,,
24,8,3,32,0,-1,,600,600,600,600,20,,,,
25,0,0,22,0,-1,,600,600,600,600,20,,,,
25,1,2.5,22,0,-1,,600,600,600,600,20,,,,
25,2,2.5,22,0,-1,,600,600,600,600,20,,,,
25,3,2.5,22,0,-1,,600,600,600,600,20,,,,
25,4,2.5,22,0,-1,,600,600,600,600,20,,,,
25,5,2.5,22,0,-1,,600,600,600,600,20,,,,
25,6,2.5,22,0,-1,,600,600,600,600,20,,,,
25,7,2.5,22,0,-1,,600,600,600,600,20,,,,
25,8,2.5,22,0,-1,,600,600,600,600,20,,,,
25,9,2.5,22,0,-1,,600,600,600,600,20,,,,
25,10,2.5,22,0,-1,,600,600,600,600,20,,,,
25,11,2.5,22,0,-1,,600,600,600,600,20,,,,
25,12,2.5,22,0,-1,,600,600,600,600,20,,,,
25,13,2.5,22,0,-1,,600,600,600,600,20,,,,
25,0,15,23,4,-1,,600,600,600,600,20,,,,
25,1,2.2,24,4,-1,,600,600,600,600,20,,,,
25,2,2.2,23,4,-1,,600,600,600,600,20,,,,
25,3,2.2,24,4,-1,,600,600,600,600,20,,,,
25,4,2.2,23,4,-1,,600,600,600,600,20,,,,
25,5,2.2,24,4,-1,,600,600,600,600,20,,,,
25,6,2.2,23,4,-1,,600,600,600,600,20,,,,
25,7,2.2,24,4,-1,,600,600,600,600,20,,,,
25,8,2.2,23,4,-1,,600,600,600,600,20,,,,
25,9,2.2,24,4,-1,,600,600,600,600,20,,,,
25,10,2.2,23,4,-1,,600,600,600,600,20,,,,
25,11,2.2,24,4,-1,,600,600,600,600,20,,,,
25,12,2.2,23,4,-1,,600,600,600,600,20,,,,
25,13,2.2,24,4,-1,,600,600,600,600,20,,,,
25,14,2.2,23,4,-1,,600,600,600,600,20,,,,
25,15,2.2,24,4,-1,,600,600,600,600,20,,,,
25,0,22,28,1,2,,600,600,600,600,20,,,,
25,1,3,26,1,0,,600,600,600,600,20,,,,
25,2,3,28,1,1,,600,600,600,600,20,,,,
25,3,3,28,1,2,,600,600,600,600,20,,,,
25,4,3,26,1,0,,600,600,600,600,20,,,,
25,5,3,28,1,1,,600,600,600,600,20,,,,
25,6,3,28,1,2,,600,600,600,600,20,,,,
25,7,3,26,1,0,,600,600,600,600,20,,,,
25,8,3,28,1,1,,600,600,600,600,20,,,,
25,9,3,28,1,2,,600,600,600,600,20,,,,
25,10,3,26,1,0,,600,600,600,600,20,,,,
25,11,3,28,1,1,,600,600,600,600,20,,,,
25,12,3,28,1,2,,600,600,600,600,20,,,,
25,13,3,26,1,0,,600,600,600,600,20,,,,
25,14,3,28,1,1,,600,600,600,600,20,,,,
25,0,6,28,2,1,,600,600,600,600,20,,,,
25,1,3,26,2,0,,600,600,600,600,20,,,,
25,2,3,28,2,2,,600,600,600,600,20,,,,
25,3,3,28,2,1,,600,600,600,600,20,,,,
25,4,3,26,2,0,,600,600,600,600,20,,,,
25,5,3,28,2,2,,600,600,600,600,20,,,,
25,6,3,28,2,1,,600,600,600,600,20,,,,
25,7,3,26,2,0,,600,600,600,600,20,,,,
25,8,3,28,2,2,,600,600,600,600,20,,,,
25,9,3,28,2,1,,600,600,600,600,20,,,,
25,10,3,26,2,0,,600,600,600,600,20,,,,
25,11,3,28,2,2,,600,600,600,600,20,,,,
26,0,0,27,3,-1,,800,800,800,800,20,,,,
26,1,6,27,3,-1,,800,800,800,800,20,,,,
26,2,6,27,3,-1,,800,800,800,800,20,,,,
26,3,6,27,3,-1,,800,800,800,800,20,,,,
26,4,6,27,3,-1,,800,800,800,800,20,,,,
26,5,6,27,3,-1,,800,800,800,800,20,,,,
26,6,6,27,3,-1,,800,800,800,800,20,,,,
26,7,6,28,3,-1,,800,800,800,800,20,,,,
26,8,6,28,3,-1,,800,800,800,800,20,,,,
26,9,6,28,3,-1,,800,800,800,800,20,,,,
26,0,0,23,1,-1,,800,800,800,800,20,,,,
26,1,3.2,23,1,-1,,800,800,800,800,20,,,,
26,2,3.2,23,1,-1,,800,800,800,800,20,,,,
26,3,3.2,23,1,-1,,800,800,800,800,20,,,,
26,4,3.2,23,1,-1,,800,800,800,800,20,,,,
26,5,3.2,23,1,-1,,800,800,800,800,20,,,,
26,6,3.2,23,1,-1,,800,800,800,800,20,,,,
26,7,3.2,24,1,-1,,800,800,800,800,20,,,,
26,8,3.2,24,1,-1,,800,800,800,800,20,,,,
26,9,3.2,24,1,-1,,800,800,800,800,20,,,,
26,10,3.2,24,1,-1,,800,800,800,800,20,,,,
26,11,3.2,24,1,-1,,800,800,800,800,20,,,,
26,12,3.2,24,1,-1,,800,800,800,800,20,,,,
26,13,3.2,24,1,-1,,800,800,800,800,20,,,,
26,0,22,28,2,1,,800,800,800,800,20,,,,
26,1,0,28,2,2,,800,800,800,800,20,,,,
26,2,3,28,2,1,,800,800,800,800,20,,,,
26,3,0,28,2,2,,800,800,800,800,20,,,,
26,4,3,28,2,1,,800,800,800,800,20,,,,
26,5,0,28,2,2,,800,800,800,800,20,,,,
26,6,3,28,2,1,,800,800,800,800,20,,,,
26,7,0,28,2,2,,800,800,800,800,20,,,,
26,8,3,28,2,1,,800,800,800,800,20,,,,
26,9,0,28,2,2,,800,800,800,800,20,,,,
26,10,3,28,2,1,,800,800,800,800,20,,,,
26,11,0,28,2,2,,800,800,800,800,20,,,,
26,12,3,28,2,1,,800,800,800,800,20,,,,
26,13,0,28,2,2,,800,800,800,800,20,,,,
26,14,2,28,2,1,,800,800,800,800,20,,,,
26,15,0,28,2,2,,800,800,800,800,20,,,,
26,16,2,28,2,1,,800,800,800,800,20,,,,
26,0,32,32,4,-1,,800,800,800,800,20,,,,
26,1,2.2,32,4,-1,,800,800,800,800,20,,,,
26,2,2.2,32,4,-1,,800,800,800,800,20,,,,
26,3,2.2,32,4,-1,,800,800,800,800,20,,,,
26,4,2.2,32,4,-1,,800,800,800,800,20,,,,
26,5,2.2,32,4,-1,,800,800,800,800,20,,,,
26,6,2.2,32,4,-1,,800,800,800,800,20,,,,
26,7,2.2,32,4,-1,,800,800,800,800,20,,,,
26,8,2.2,32,4,-1,,800,800,800,800,20,,,,
27,0,0,28,1,2,,800,800,800,800,20,,,,
27,1,2.8,27,1,1,,800,800,800,800,20,,,,
27,2,2.8,26,1,2,,800,800,800,800,20,,,,
27,3,2.8,27,1,1,,800,800,800,800,20,,,,
27,4,2.8,26,1,2,,800,800,800,800,20,,,,
27,5,2.8,27,1,1,,800,800,800,800,20,,,,
27,6,2.8,26,1,2,,800,800,800,800,20,,,,
27,7,2.8,27,1,1,,800,800,800,800,20,,,,
27,8,2.8,26,1,2,,800,800,800,800,20,,,,
27,9,2.8,27,1,1,,800,800,800,800,20,,,,
27,10,2.8,26,1,2,,800,800,800,800,20,,,,
27,11,2.8,27,1,1,,800,800,800,800,20,,,,
27,12,2.8,26,1,2,,800,800,800,800,20,,,,
27,13,2.8,27,1,1,,800,800,800,800,20,,,,
27,14,2.8,26,1,2,,800,800,800,800,20,,,,
27,0,12,26,3,-1,,800,800,800,800,20,,,,
27,1,2.8,23,3,-1,,800,800,800,800,20,,,,
27,2,2.8,26,3,-1,,800,800,800,800,20,,,,
27,3,2.8,23,3,-1,,800,800,800,800,20,,,,
27,4,2.8,26,3,-1,,800,800,800,800,20,,,,
27,5,2.8,23,3,-1,,800,800,800,800,20,,,,
27,6,2.8,26,3,-1,,800,800,800,800,20,,,,
27,7,2.8,23,3,-1,,800,800,800,800,20,,,,
27,8,2.8,26,3,-1,,800,800,800,800,20,,,,
27,9,2.8,23,3,-1,,800,800,800,800,20,,,,
27,10,2.8,26,3,-1,,800,800,800,800,20,,,,
27,11,2.8,23,3,-1,,800,800,800,800,20,,,,
27,12,2.8,26,3,-1,,800,800,800,800,20,,,,
27,13,2.8,23,3,-1,,800,800,800,800,20,,,,
27,14,2.8,26,3,-1,,800,800,800,800,20,,,,
27,0,30,29,0,-1,,800,800,800,800,20,,,,
27,1,3.2,27,0,-1,,800,800,800,800,20,,,,
27,2,3.2,27,0,-1,,800,800,800,800,20,,,,
27,3,3.2,27,0,-1,,800,800,800,800,20,,,,
27,4,3.2,26,0,-1,,800,800,800,800,20,,,,
27,5,3.2,26,0,-1,,800,800,800,800,20,,,,
27,6,3.2,29,0,-1,,800,800,800,800,20,,,,
27,7,3.2,27,0,-1,,800,800,800,800,20,,,,
27,8,3.2,26,0,-1,,800,800,800,800,20,,,,
27,9,3.2,26,0,-1,,800,800,800,800,20,,,,
27,10,3.2,27,0,-1,,800,800,800,800,20,,,,
27,11,3.2,26,0,-1,,800,800,800,800,20,,,,
27,12,3.2,27,0,-1,,800,800,800,800,20,,,,
27,0,8,27,2,-1,,800,800,800,800,20,,,,
27,1,4.5,27,2,-1,,800,800,800,800,20,,,,
27,2,4.5,27,2,-1,,800,800,800,800,20,,,,
27,3,4.5,27,2,-1,,800,800,800,800,20,,,,
27,4,4.5,27,2,-1,,800,800,800,800,20,,,,
27,5,4.5,27,2,-1,,800,800,800,800,20,,,,
27,6,4.5,27,2,-1,,800,800,800,800,20,,,,
27,7,4.5,28,2,-1,,800,800,800,800,20,,,,
27,8,4.5,28,2,-1,,800,800,800,800,20,,,,
27,9,4.5,28,2,-1,,800,800,800,800,20,,,,
27,10,4.5,28,2,-1,,800,800,800,800,20,,,,
27,11,4.5,28,2,-1,,800,800,800,800,20,,,,
27,12,4.5,28,2,-1,,800,800,800,800,20,,,,
27,13,4.5,28,2,-1,,800,800,800,800,20,,,,
28,0,0,29,1,-1,,800,800,800,800,20,,,,
28,1,3,24,1,-1,,800,800,800,800,20,,,,
28,2,3,29,1,-1,,800,800,800,800,20,,,,
28,3,3,24,1,-1,,800,800,800,800,20,,,,
28,4,3,29,1,-1,,800,800,800,800,20,,,,
28,5,3,24,1,-1,,800,800,800,800,20,,,,
28,6,3,29,1,-1,,800,800,800,800,20,,,,
28,7,3,24,1,-1,,800,800,800,800,20,,,,
28,8,3,29,1,-1,,800,800,800,800,20,,,,
28,9,3,24,1,-1,,800,800,800,800,20,,,,
28,10,3,29,1,-1,,800,800,800,800,20,,,,
28,11,3,24,1,-1,,800,800,800,800,20,,,,
28,12,3,29,1,-1,,800,800,800,800,20,,,,
28,13,3,24,1,-1,,800,800,800,800,20,,,,
28,14,3,29,1,-1,,800,800,800,800,20,,,,
28,15,3,24,1,-1,,800,800,800,800,20,,,,
28,16,3,29,1,-1,,800,800,800,800,20,,,,
28,17,3,24,1,-1,,800,800,800,800,20,,,,
28,18,3,29,1,-1,,800,800,800,800,20,,,,
28,19,3,24,1,-1,,800,800,800,800,20,,,,
28,20,3,29,1,-1,,800,800,800,800,20,,,,
28,21,3,24,1,-1,,800,800,800,800,20,,,,
28,0,1,23,2,-1,,800,800,800,800,20,,,,
28,1,3,29,2,-1,,800,800,800,800,20,,,,
28,2,3,23,2,-1,,800,800,800,800,20,,,,
28,3,3,29,2,-1,,800,800,800,800,20,,,,
28,4,3,23,2,-1,,800,800,800,800,20,,,,
28,5,3,29,2,-1,,800,800,800,800,20,,,,
28,6,3,23,2,-1,,800,800,800,800,20,,,,
28,7,3,29,2,-1,,800,800,800,800,20,,,,
28,8,3,23,2,-1,,800,800,800,800,20,,,,
28,9,3,29,2,-1,,800,800,800,800,20,,,,
28,10,3,23,2,-1,,800,800,800,800,20,,,,
28,11,3,29,2,-1,,800,800,800,800,20,,,,
28,12,3,23,2,-1,,800,800,800,800,20,,,,
28,13,3,29,2,-1,,800,800,800,800,20,,,,
28,14,3,23,2,-1,,800,800,800,800,20,,,,
28,15,3,29,2,-1,,800,800,800,800,20,,,,
28,16,3,23,2,-1,,800,800,800,800,20,,,,
28,17,3,29,2,-1,,800,800,800,800,20,,,,
28,18,3,23,2,-1,,800,800,800,800,20,,,,
28,19,3,29,2,-1,,800,800,800,800,20,,,,
28,20,3,23,2,-1,,800,800,800,800,20,,,,
28,21,3,29,2,-1,,800,800,800,800,20,,,,
28,0,22,26,4,0,,800,800,800,800,20,,,,
28,1,0,26,4,1,,800,800,800,800,20,,,,
28,2,0,26,4,2,,800,800,800,800,20,,,,
28,3,2.2,32,4,0,,800,800,800,800,20,,,,
28,4,0,32,4,1,,800,800,800,800,20,,,,
28,5,0,32,4,2,,800,800,800,800,20,,,,
28,6,2.2,26,4,0,,800,800,800,800,20,,,,
28,7,0,26,4,1,,800,800,800,800,20,,,,
28,8,0,26,4,2,,800,800,800,800,20,,,,
28,9,2.2,32,4,0,,800,800,800,800,20,,,,
28,10,0,32,4,1,,800,800,800,800,20,,,,
28,11,0,32,4,2,,800,800,800,800,20,,,,
28,12,2.2,26,4,0,,800,800,800,800,20,,,,
28,13,0,26,4,1,,800,800,800,800,20,,,,
28,14,0,26,4,2,,800,800,800,800,20,,,,
28,15,2.2,32,4,0,,800,800,800,800,20,,,,
28,16,0,32,4,1,,800,800,800,800,20,,,,
28,17,0,32,4,2,,800,800,800,800,20,,,,
28,18,2.2,26,4,0,,800,800,800,800,20,,,,
28,19,0,26,4,1,,800,800,800,800,20,,,,
28,20,0,26,4,2,,800,800,800,800,20,,,,
28,21,2.2,32,4,0,,800,800,800,800,20,,,,
28,22,0,32,4,1,,800,800,800,800,20,,,,
28,23,0,32,4,2,,800,800,800,800,20,,,,
28,24,1.5,27,4,-1,,800,800,800,800,20,,,,
28,25,1.5,27,4,-1,,800,800,800,800,20,,,,
28,26,1.5,27,4,-1,,800,800,800,800,20,,,,
28,27,1.5,27,4,-1,,800,800,800,800,20,,,,
28,28,1.5,27,4,-1,,800,800,800,800,20,,,,
28,0,40,23,0,-1,,800,800,800,800,20,,,,
28,1,2.6,23,0,-1,,800,800,800,800,20,,,,
28,2,2.6,23,0,-1,,800,800,800,800,20,,,,
28,3,2.6,23,0,-1,,800,800,800,800,20,,,,
28,4,2.6,23,0,-1,,800,800,800,800,20,,,,
28,5,2.6,29,0,-1,,800,800,800,800,20,,,,
28,6,2.6,29,0,-1,,800,800,800,800,20,,,,
28,7,2.6,29,0,-1,,800,800,800,800,20,,,,
29,0,0,22,1,0,,800,800,800,800,20,,,,
29,1,2.2,22,1,1,,800,800,800,800,20,,,,
29,2,2.2,22,1,0,,800,800,800,800,20,,,,
29,3,2.2,22,1,1,,800,800,800,800,20,,,,
29,4,2.2,22,1,0,,800,800,800,800,20,,,,
29,5,2.2,22,1,1,,800,800,800,800,20,,,,
29,6,2.2,22,1,0,,800,800,800,800,20,,,,
29,7,2.2,22,1,1,,800,800,800,800,20,,,,
29,8,1,24,1,2,,800,800,800,800,20,,,,
29,9,0,24,1,0,,800,800,800,800,20,,,,
29,10,0,24,1,1,,800,800,800,800,20,,,,
29,11,2,24,1,2,,800,800,800,800,20,,,,
29,12,0,24,1,0,,800,800,800,800,20,,,,
29,13,0,24,1,1,,800,800,800,800,20,,,,
29,14,2,23,1,2,,800,800,800,800,20,,,,
29,15,0,23,1,0,,800,800,800,800,20,,,,
29,16,0,23,1,1,,800,800,800,800,20,,,,
29,17,0.6,20,1,-1,,800,800,800,800,20,,,,
29,18,2,25,1,-1,,800,800,800,800,20,,,,
29,19,0.3,20,1,0,,800,800,800,800,20,,,,
29,20,3,20,1,-1,,800,800,800,800,20,,,,
29,21,1.2,23,1,-1,,800,800,800,800,20,,,,
29,22,1,23,1,-1,,800,800,800,800,20,,,,
29,23,1,24,1,-1,,800,800,800,800,20,,,,
29,24,1,20,1,-1,,800,800,800,800,20,,,,
29,25,1,23,1,-1,,800,800,800,800,20,,,,
29,0,1,22,2,0,,800,800,800,800,20,,,,
29,1,2.8,22,2,2,,800,800,800,800,20,,,,
29,2,2.8,22,2,0,,800,800,800,800,20,,,,
29,3,2.8,22,2,2,,800,800,800,800,20,,,,
29,4,2.8,22,2,0,,800,800,800,800,20,,,,
29,5,2.8,22,2,2,,800,800,800,800,20,,,,
29,6,2.8,22,2,0,,800,800,800,800,20,,,,
29,7,2.8,22,2,2,,800,800,800,800,20,,,,
29,8,2.8,22,2,0,,800,800,800,800,20,,,,
29,9,2.8,28,2,2,,800,800,800,800,20,,,,
29,10,2.8,28,2,0,,800,800,800,800,20,,,,
29,11,2.8,22,2,2,,800,800,800,800,20,,,,
29,12,2.8,22,2,0,,800,800,800,800,20,,,,
29,13,2.8,28,2,2,,800,800,800,800,20,,,,
29,14,2.8,28,2,0,,800,800,800,800,20,,,,
29,15,2.8,22,2,2,,800,800,800,800,20,,,,
29,16,3,28,2,0,,800,800,800,800,20,,,,
29,17,0,28,2,2,,800,800,800,800,20,,,,
29,18,0,28,2,1,,800,800,800,800,20,,,,
29,19,3,28,2,0,,800,800,800,800,20,,,,
29,20,0,28,2,2,,800,800,800,800,20,,,,
29,21,0,28,2,1,,800,800,800,800,20,,,,
29,22,3,28,2,0,,800,800,800,800,20,,,,
29,23,0,28,2,2,,800,800,800,800,20,,,,
29,24,0,28,2,1,,800,800,800,800,20,,,,
29,0,55,29,3,2,,800,800,800,800,20,,,,
29,1,4.5,29,3,1,,800,800,800,800,20,,,,
29,2,4.5,29,3,0,,800,800,800,800,20,,,,
29,3,4.5,29,3,2,,800,800,800,800,20,,,,
29,4,4.5,29,3,1,,800,800,800,800,20,,,,
29,5,4.5,29,3,0,,800,800,800,800,20,,,,
29,6,4.5,29,3,2,,800,800,800,800,20,,,,
29,7,4.5,29,3,1,,800,800,800,800,20,,,,
29,8,4.5,29,3,0,,800,800,800,800,20,,,,
29,9,12,26,3,1,,800,800,800,800,20,,,,
29,10,0,26,3,2,,800,800,800,800,20,,,,
29,11,2,26,3,0,,800,800,800,800,20,,,,
29,12,2,27,3,1,,800,800,800,800,20,,,,
29,13,0,27,3,2,,800,800,800,800,20,,,,
29,14,2,27,3,0,,800,800,800,800,20,,,,
29,15,2,26,3,1,,800,800,800,800,20,,,,
29,16,0,26,3,2,,800,800,800,800,20,,,,
29,17,2,26,3,0,,800,800,800,800,20,,,,
29,18,2,30,3,1,,400,400,400,400,5,,,,
29,19,0,27,3,2,,800,800,800,800,20,,,,
29,20,2,27,3,0,,800,800,800,800,20,,,,
29,21,2,26,3,1,,800,800,800,800,20,,,,
29,22,0,26,3,2,,800,800,800,800,20,,,,
29,23,2,26,3,0,,800,800,800,800,20,,,,
29,24,2,27,3,1,,800,800,800,800,20,,,,
29,25,0,27,3,2,,800,800,800,800,20,,,,
29,26,2,27,3,0,,800,800,800,800,20,,,,
29,27,1,27,3,0,,800,800,800,800,20,,,,
29,0,22,28,4,-1,,800,800,800,800,20,,,,
29,1,2.5,29,4,-1,,800,800,800,800,20,,,,
29,2,2.5,28,4,-1,,800,800,800,800,20,,,,
29,3,2.5,29,4,-1,,800,800,800,800,20,,,,
29,4,1.8,28,4,-1,,800,800,800,800,20,,,,
29,5,1.8,29,4,-1,,800,800,800,800,20,,,,
29,6,1.8,28,4,-1,,800,800,800,800,20,,,,
29,7,2.5,29,4,-1,,800,800,800,800,20,,,,
29,8,1,29,4,-1,,800,800,800,800,20,,,,
29,9,1.2,29,4,-1,,800,800,800,800,20,,,,
29,10,1,28,4,-1,,800,800,800,800,20,,,,
29,0,75,32,0,-1,,800,800,800,800,20,,,,
29,1,1.7,32,0,-1,,800,800,800,800,20,,,,
29,2,1.7,27,0,-1,,800,800,800,800,20,,,,
29,3,1.7,27,0,-1,,800,800,800,800,20,,,,
29,4,1.7,29,0,-1,,800,800,800,800,20,,,,
29,5,1.7,27,0,-1,,800,800,800,800,20,,,,
29,6,2,29,0,-1,,800,800,800,800,20,,,,
29,7,2,32,0,-1,,800,800,800,800,20,,,,
29,8,2,29,0,-1,,800,800,800,800,20,,,,
29,9,2,32,0,-1,,800,800,800,800,20,,,,
29,10,1.7,32,0,-1,,800,800,800,800,20,,,,
29,11,1.7,32,0,-1,,800,800,800,800,20,,,,
29,12,1.7,8,0,-1,,800,800,800,800,20,,,,
29,13,1.7,32,0,-1,,800,800,800,800,20,,,,
29,14,1.8,32,0,-1,,800,800,800,800,20,,,,
29,15,1.7,32,0,-1,,800,800,800,800,20,,,,
29,16,1.7,29,0,-1,,800,800,800,800,20,,,,
29,17,2,29,0,-1,,800,800,800,800,20,,,,
30,0,0,0,0,0,20,1000,1000,980,980,25,,,,
31,0,0,0,0,0,21,1000,1000,980,980,25,,,,
32,0,0,0,0,0,22,1000,1000,980,980,25,,,,
33,0,0,0,0,0,23,1000,1000,980,980,25,,,,
34,0,0,0,0,0,24,1000,1000,980,980,25,,,,
35,0,0,0,0,0,25,2000,2000,1960,1960,25,,,,
36,0,0,0,0,0,26,2000,2000,1960,1960,25,,,,
37,0,0,0,0,0,27,2000,2000,1960,1960,25,,,,
38,0,0,0,0,0,28,2000,2000,1960,1960,25,,,,
39,0,0,0,0,0,29,2000,2000,1960,1960,25,,,,
40,0,0,0,0,0,20,3000,3000,2940,2940,30,,,,
41,0,0,0,0,0,21,3000,3000,2940,2940,30,,,,
42,0,0,0,0,0,22,3000,3000,2940,2940,30,,,,
43,0,0,0,0,0,23,3000,3000,2940,2940,30,,,,
44,0,0,0,0,0,24,3000,3000,2940,2940,30,,,,
45,0,0,0,0,0,25,4000,4000,3920,3920,30,,,,
46,0,0,0,0,0,26,4000,4000,3920,3920,30,,,,
47,0,0,0,0,0,27,4000,4000,3920,3920,30,,,,
48,0,0,0,0,0,28,4000,4000,3920,3920,30,,,,
49,0,0,0,0,0,29,4000,4000,3920,3920,40,,,,
50,0,0,0,0,0,20,6000,6000,5700,5700,40,,,,
51,0,0,0,0,0,21,6000,6000,5700,5700,40,,,,
52,0,0,0,0,0,22,6000,6000,5700,5700,40,,,,
53,0,0,0,0,0,23,6000,6000,5700,5700,40,,,,
54,0,0,0,0,0,24,6000,6000,5700,5700,40,,,,
55,0,0,0,0,0,25,8000,8000,7600,7600,40,,,,
56,0,0,0,0,0,26,8000,8000,7600,7600,40,,,,
57,0,0,0,0,0,27,8000,8000,7600,7600,40,,,,
58,0,0,0,0,0,28,8000,8000,7600,7600,40,,,,
59,0,0,0,0,0,29,8000,8000,7600,7600,40,,,,
60,0,0,0,0,0,20,10000,10000,9500,9500,50,,,,
61,0,0,0,0,0,21,10000,10000,9500,9500,50,,,,
62,0,0,0,0,0,22,10000,10000,9500,9500,50,,,,
63,0,0,0,0,0,23,10000,10000,9500,9500,50,,,,
64,0,0,0,0,0,24,10000,10000,9500,9500,50,,,,
65,0,0,0,0,0,25,12000,12000,11400,11400,50,,,,
66,0,0,0,0,0,26,12000,12000,11400,11400,50,,,,
67,0,0,0,0,0,27,12000,12000,11400,11400,50,,,,
68,0,0,0,0,0,28,12000,12000,11400,11400,50,,,,
69,0,0,0,0,0,29,12000,12000,11400,11400,50,,,,
70,0,0,0,0,0,20,16000,16000,14400,14400,60,,,,
71,0,0,0,0,0,21,16000,16000,14400,14400,60,,,,
72,0,0,0,0,0,22,16000,16000,14400,14400,60,,,,
73,0,0,0,0,0,23,16000,16000,14400,14400,60,,,,
74,0,0,0,0,0,24,16000,16000,14400,14400,60,,,,
75,0,0,0,0,0,25,20000,20000,18000,18000,60,,,,
76,0,0,0,0,0,26,20000,20000,18000,18000,60,,,,
77,0,0,0,0,0,27,20000,20000,18000,18000,60,,,,
78,0,0,0,0,0,28,20000,20000,18000,18000,60,,,,
79,0,0,0,0,0,29,20000,20000,18000,18000,60,,,,
80,0,0,0,0,0,20,24000,24000,20400,20400,70,,,,
81,0,0,0,0,0,21,24000,24000,20400,20400,70,,,,
82,0,0,0,0,0,22,24000,24000,20400,20400,70,,,,
83,0,0,0,0,0,23,24000,24000,20400,20400,70,,,,
84,0,0,0,0,0,24,24000,24000,20400,20400,70,,,,
85,0,0,0,0,0,25,28000,28000,23800,23800,70,,,,
86,0,0,0,0,0,26,28000,28000,23800,23800,70,,,,
87,0,0,0,0,0,27,28000,28000,23800,23800,70,,,,
88,0,0,0,0,0,28,28000,28000,23800,23800,70,,,,
89,0,0,0,0,0,29,28000,28000,23800,23800,70,,,,
90,0,0,0,0,0,20,34000,34000,27200,27200,80,,,,
91,0,0,0,0,0,21,34000,34000,27200,27200,80,,,,
92,0,0,0,0,0,22,34000,34000,27200,27200,80,,,,
93,0,0,0,0,0,23,34000,34000,27200,27200,80,,,,
94,0,0,0,0,0,24,34000,34000,27200,27200,80,,,,
95,0,0,0,0,0,25,40000,40000,32000,32000,80,,,,
96,0,0,0,0,0,26,40000,40000,32000,32000,80,,,,
97,0,0,0,0,0,27,40000,40000,32000,32000,80,,,,
98,0,0,0,0,0,28,40000,40000,32000,32000,80,,,,
99,0,0,0,0,0,29,40000,40000,32000,32000,80,,,,
100,0,0,0,0,0,20,46000,46000,32200,32200,90,,,,
101,0,0,0,0,0,21,46000,46000,32200,32200,90,,,,
102,0,0,0,0,0,22,46000,46000,32200,32200,90,,,,
103,0,0,0,0,0,23,46000,46000,32200,32200,90,,,,
104,0,0,0,0,0,24,46000,46000,32200,32200,90,,,,
105,0,0,0,0,0,25,52000,52000,36400,36400,90,,,,
106,0,0,0,0,0,26,52000,52000,36400,36400,90,,,,
107,0,0,0,0,0,27,52000,52000,36400,36400,90,,,,
108,0,0,0,0,0,28,52000,52000,36400,36400,90,,,,
109,0,0,0,0,0,29,52000,52000,36400,36400,90,,,,
110,0,0,0,0,0,20,64000,64000,38400,38400,100,,,,
111,0,0,0,0,0,21,64000,64000,38400,38400,100,,,,
112,0,0,0,0,0,22,64000,64000,38400,38400,100,,,,
113,0,0,0,0,0,23,64000,64000,38400,38400,100,,,,
114,0,0,0,0,0,24,64000,64000,38400,38400,100,,,,
115,0,0,0,0,0,25,76000,76000,45600,45600,100,,,,
116,0,0,0,0,0,26,76000,76000,45600,45600,100,,,,
117,0,0,0,0,0,27,76000,76000,45600,45600,100,,,,
118,0,0,0,0,0,28,76000,76000,45600,45600,100,,,,
119,0,0,0,0,0,29,76000,76000,45600,45600,100,,,,
120,0,0,0,0,0,20,88000,88000,44000,44000,100,,,,
121,0,0,0,0,0,21,88000,88000,44000,44000,100,,,,
122,0,0,0,0,0,22,88000,88000,44000,44000,100,,,,
123,0,0,0,0,0,23,88000,88000,44000,44000,100,,,,
124,0,0,0,0,0,24,88000,88000,44000,44000,100,,,,
125,0,0,0,0,0,25,100000,100000,50000,50000,100,,,,
126,0,0,0,0,0,26,100000,100000,50000,50000,100,,,,
127,0,0,0,0,0,27,100000,100000,50000,50000,100,,,,
128,0,0,0,0,0,28,100000,100000,50000,50000,100,,,,
129,0,0,0,0,0,29,100000,100000,50000,50000,100,,,,
130,0,0,0,0,0,20,124000,124000,62000,62000,100,,,,
131,0,0,0,0,0,21,124000,124000,62000,62000,100,,,,
132,0,0,0,0,0,22,124000,124000,62000,62000,100,,,,
133,0,0,0,0,0,23,124000,124000,62000,62000,100,,,,
134,0,0,0,0,0,24,124000,124000,62000,62000,100,,,,
135,0,0,0,0,0,25,148000,148000,74000,74000,100,,,,
136,0,0,0,0,0,26,148000,148000,74000,74000,100,,,,
137,0,0,0,0,0,27,148000,148000,74000,74000,100,,,,
138,0,0,0,0,0,28,148000,148000,74000,74000,100,,,,
139,0,0,0,0,0,29,148000,148000,74000,74000,100,,,,
140,0,0,0,0,0,20,172000,172000,86000,86000,100,,,,
141,0,0,0,0,0,21,172000,172000,86000,86000,100,,,,
142,0,0,0,0,0,22,172000,172000,86000,86000,100,,,,
143,0,0,0,0,0,23,172000,172000,86000,86000,100,,,,
144,0,0,0,0,0,24,172000,172000,86000,86000,100,,,,
145,0,0,0,0,0,25,196000,196000,98000,98000,100,,,,
146,0,0,0,0,0,26,196000,196000,98000,98000,100,,,,
147,0,0,0,0,0,27,196000,196000,98000,98000,100,,,,
148,0,0,0,0,0,28,196000,196000,98000,98000,100,,,,
149,0,0,0,0,0,29,196000,196000,98000,98000,100,,,,
150,0,0,0,0,0,20,244000,244000,122000,122000,100,,,,
151,0,0,0,0,0,21,244000,244000,122000,122000,100,,,,
152,0,0,0,0,0,22,244000,244000,122000,122000,100,,,,
153,0,0,0,0,0,23,244000,244000,122000,122000,100,,,,
154,0,0,0,0,0,24,244000,244000,122000,122000,100,,,,
155,0,0,0,0,0,25,292000,292000,146000,146000,100,,,,
156,0,0,0,0,0,26,292000,292000,146000,146000,100,,,,
157,0,0,0,0,0,27,292000,292000,146000,146000,100,,,,
158,0,0,0,0,0,28,292000,292000,146000,146000,100,,,,
159,0,0,0,0,0,29,292000,292000,146000,146000,100,,,,
160,0,0,0,0,0,20,340000,340000,170000,170000,100,,,,
161,0,0,0,0,0,21,340000,340000,170000,170000,100,,,,
162,0,0,0,0,0,22,340000,340000,170000,170000,100,,,,
163,0,0,0,0,0,23,340000,340000,170000,170000,100,,,,
164,0,0,0,0,0,24,340000,340000,170000,170000,100,,,,
165,0,0,0,0,0,25,388000,388000,194000,194000,100,,,,
166,0,0,0,0,0,26,388000,388000,194000,194000,100,,,,
167,0,0,0,0,0,27,388000,388000,194000,194000,100,,,,
168,0,0,0,0,0,28,388000,388000,194000,194000,100,,,,
169,0,0,0,0,0,29,388000,388000,194000,194000,100,,,,
170,0,0,0,0,0,20,484000,484000,242000,242000,100,,,,
171,0,0,0,0,0,21,484000,484000,242000,242000,100,,,,
172,0,0,0,0,0,22,484000,484000,242000,242000,100,,,,
173,0,0,0,0,0,23,484000,484000,242000,242000,100,,,,
174,0,0,0,0,0,24,484000,484000,242000,242000,100,,,,
175,0,0,0,0,0,25,580000,580000,290000,290000,100,,,,
176,0,0,0,0,0,26,580000,580000,290000,290000,100,,,,
177,0,0,0,0,0,27,580000,580000,290000,290000,100,,,,
178,0,0,0,0,0,28,580000,580000,290000,290000,100,,,,
179,0,0,0,0,0,29,580000,580000,290000,290000,100,,,,
