wave,no,time,enemy_id,gate,loop,health_increment,damage_increment,armor_increment,resistance_increment,move_increment,gold,health,time_auto_next_wave,time_show_button_next
0,0,0,0,1,,,,,,,1500,1,20,20
0,1,1.4,0,1,,,,,,,,,,
0,2,1.4,0,1,,,,,,,,,,
0,3,1.4,0,1,,,,,,,,,,
0,4,1.4,0,1,,,,,,,,,,
0,5,1.4,1,1,,,,,,,,,,
0,6,1.4,1,1,,,,,,,,,,
0,7,1.4,1,1,,,,,,,,,,
0,8,1.4,1,1,,,,,,,,,,
0,9,1.4,1,1,,,,,,,,,,
0,10,1.4,1,1,,,,,,,,,,
0,11,0.8,0,1,,,,,,,,,,
0,12,1.6,0,1,,,,,,,,,,
0,13,1.6,0,1,,,,,,,,,,
0,14,1.6,0,1,,,,,,,,,,
0,15,1.6,0,1,,,,,,,,,,
0,16,1.6,0,1,,,,,,,,,,
0,17,1.6,2,1,,,,,,,,,,
0,18,1.6,2,1,,,,,,,,,,
0,19,1.6,2,1,,,,,,,,,,
0,20,1.6,2,1,,,,,,,,,,
0,21,1.6,2,1,,,,,,,,,,
0,22,1.6,2,1,,,,,,,,,,
0,23,1.6,2,1,,,,,,,,,,
0,24,1.6,2,1,,,,,,,,,,
0,0,0.7,0,2,,,,,,,,,,
0,1,1.4,0,2,,,,,,,,,,
0,2,1.4,0,2,,,,,,,,,,
0,3,1.4,0,2,,,,,,,,,,
0,4,1.4,1,2,,,,,,,,,,
0,5,1.4,1,2,,,,,,,,,,
0,6,1.4,1,2,,,,,,,,,,
0,7,1.4,1,2,,,,,,,,,,
0,8,1.4,1,2,,,,,,,,,,
0,9,1.4,1,2,,,,,,,,,,
0,10,0.7,0,2,,,,,,,,,,
0,11,1.6,0,2,,,,,,,,,,
0,12,1.6,0,2,,,,,,,,,,
0,13,1.6,0,2,,,,,,,,,,
0,14,1.6,0,2,,,,,,,,,,
0,15,1.6,0,2,,,,,,,,,,
0,16,1.6,0,2,,,,,,,,,,
0,17,1.6,2,2,,,,,,,,,,
0,18,1.6,2,2,,,,,,,,,,
0,19,1.6,2,2,,,,,,,,,,
0,20,1.6,2,2,,,,,,,,,,
0,21,1.6,2,2,,,,,,,,,,
0,22,1.6,2,2,,,,,,,,,,
0,23,1.6,2,2,,,,,,,,,,
0,24,1.6,2,2,,,,,,,,,,
1,0,0,5,0,,,,,,,,,,
1,1,2.5,5,0,,,,,,,,,,
1,2,2.5,5,0,,,,,,,,,,
1,3,2.5,4,0,,,,,,,,,,
1,4,1.5,4,0,,,,,,,,,,
1,5,1.5,4,0,,,,,,,,,,
1,6,1.5,4,0,,,,,,,,,,
1,7,1.5,4,0,,,,,,,,,,
1,8,1.5,4,0,,,,,,,,,,
1,9,1.5,4,0,,,,,,,,,,
1,10,1.5,4,0,,,,,,,,,,
1,11,1.5,4,0,,,,,,,,,,
1,12,1.5,4,0,,,,,,,,,,
1,13,1.5,4,0,,,,,,,,,,
1,14,1.5,4,0,,,,,,,,,,
1,15,1.5,4,0,,,,,,,,,,
1,16,1.5,4,0,,,,,,,,,,
1,0,27,5,1,,,,,,,,,,
1,1,5,5,1,,,,,,,,,,
1,2,5,5,1,,,,,,,,,,
1,3,3.1,6,1,,,,,,,,,,
1,4,3.2,6,1,,,,,,,,,,
1,5,3.2,6,1,,,,,,,,,,
1,6,3.2,6,1,,,,,,,,,,
1,7,3.2,6,1,,,,,,,,,,
1,8,3.2,6,1,,,,,,,,,,
1,9,3.2,6,1,,,,,,,,,,
1,10,1.3,4,1,,,,,,,,,,
1,11,2.6,4,1,,,,,,,,,,
1,12,2.6,4,1,,,,,,,,,,
1,0,29.5,5,3,,,,,,,,,,
1,1,5,5,3,,,,,,,,,,
1,2,4,7,3,,,,,,,,,,
1,3,3.2,6,3,,,,,,,,,,
1,4,3.2,6,3,,,,,,,,,,
1,5,3.2,6,3,,,,,,,,,,
1,6,3.2,6,3,,,,,,,,,,
1,7,3.2,6,3,,,,,,,,,,
1,8,3.2,6,3,,,,,,,,,,
1,9,1.6,4,3,,,,,,,,,,
1,10,2.6,4,3,,,,,,,,,,
1,11,2.6,4,3,,,,,,,,,,
1,12,2.6,4,3,,,,,,,,,,
2,0,0,3,2,,,,,,,,,,
2,1,2.5,3,2,,,,,,,,,,
2,2,2.5,3,2,,,,,,,,,,
2,3,0.7,3,2,,,,,,,,,,
2,4,1.2,3,2,,,,,,,,,,
2,5,1.2,3,2,,,,,,,,,,
2,6,1.2,3,2,,,,,,,,,,
2,7,1.2,10,2,,,,,,,,,,
2,8,1.2,10,2,,,,,,,,,,
2,9,1.2,10,2,,,,,,,,,,
2,10,1.2,10,2,,,,,,,,,,
2,11,1.2,10,2,,,,,,,,,,
2,12,1.2,10,2,,,,,,,,,,
2,13,1.2,10,2,,,,,,,,,,
2,14,35,3,2,,,,,,,,,,
2,15,1.7,3,2,,,,,,,,,,
2,16,1.7,3,2,,,,,,,,,,
2,17,1.7,3,2,,,,,,,,,,
2,18,1.7,3,2,,,,,,,,,,
2,19,2.5,10,2,,,,,,,,,,
2,20,2.5,10,2,,,,,,,,,,
2,21,2.5,10,2,,,,,,,,,,
2,22,2.5,10,2,,,,,,,,,,
2,23,2.5,10,2,,,,,,,,,,
2,24,2.5,10,2,,,,,,,,,,
2,0,17.7,3,3,,,,,,,,,,
2,1,2.5,3,3,,,,,,,,,,
2,2,2.5,3,3,,,,,,,,,,
2,3,2.5,3,3,,,,,,,,,,
2,4,2.5,3,3,,,,,,,,,,
2,5,2.5,3,3,,,,,,,,,,
2,6,2.5,3,3,,,,,,,,,,
2,7,2.5,10,3,,,,,,,,,,
2,8,2.5,10,3,,,,,,,,,,
2,9,2.5,10,3,,,,,,,,,,
2,10,2.5,10,3,,,,,,,,,,
2,11,2.5,10,3,,,,,,,,,,
2,12,2.5,10,3,,,,,,,,,,
2,13,2.5,10,3,,,,,,,,,,
2,14,2.5,10,3,,,,,,,,,,
2,15,24.3,3,3,,,,,,,,,,
2,16,2.5,3,3,,,,,,,,,,
2,17,2.5,3,3,,,,,,,,,,
2,18,2.5,3,3,,,,,,,,,,
2,19,0,3,3,,,,,,,,,,
2,20,1.7,3,3,,,,,,,,,,
2,21,1.7,10,3,,,,,,,,,,
2,22,1.7,10,3,,,,,,,,,,
2,23,1.7,10,3,,,,,,,,,,
2,24,2,10,3,,,,,,,,,,
2,25,2,10,3,,,,,,,,,,
2,26,2,10,3,,,,,,,,,,
2,27,2,10,3,,,,,,,,,,
2,28,2,10,3,,,,,,,,,,
2,29,2,10,3,,,,,,,,,,
3,0,0,5,1,,,,,,,,,,
3,1,4,5,1,,,,,,,,,,
3,2,4,7,1,,,,,,,,,,
3,3,3.3,7,1,,,,,,,,,,
3,4,2.2,7,1,,,,,,,,,,
3,5,2.4,7,1,,,,,,,,,,
3,6,2.2,7,1,,,,,,,,,,
3,7,1.1,7,1,,,,,,,,,,
3,8,2.5,7,1,,,,,,,,,,
3,9,2.1,5,1,,,,,,,,,,
3,10,2.5,5,1,,,,,,,,,,
3,11,2,7,1,,,,,,,,,,
3,12,2.6,7,1,,,,,,,,,,
3,13,0.8,7,1,,,,,,,,,,
3,14,1.6,7,1,,,,,,,,,,
3,15,1.6,7,1,,,,,,,,,,
3,16,1.6,7,1,,,,,,,,,,
3,17,1.6,7,1,,,,,,,,,,
3,18,1.6,7,1,,,,,,,,,,
3,19,1.6,7,1,,,,,,,,,,
3,20,1.6,7,1,,,,,,,,,,
3,21,1.6,7,1,,,,,,,,,,
3,22,1.6,7,1,,,,,,,,,,
3,23,1.6,7,1,,,,,,,,,,
3,24,1.6,7,1,,,,,,,,,,
3,25,1.6,7,1,,,,,,,,,,
3,26,1.6,7,1,,,,,,,,,,
3,0,2,5,2,,,,,,,,,,
3,1,4,5,2,,,,,,,,,,
3,2,4,7,2,,,,,,,,,,
3,3,2.5,7,2,,,,,,,,,,
3,4,2.1,7,2,,,,,,,,,,
3,5,2.5,7,2,,,,,,,,,,
3,6,3.4,7,2,,,,,,,,,,
3,7,2.2,5,2,,,,,,,,,,
3,8,2.4,5,2,,,,,,,,,,
3,9,2.2,7,2,,,,,,,,,,
3,10,2.4,7,2,,,,,,,,,,
3,0,30.9,7,0,,,,,,,,,,
3,1,1.6,7,0,,,,,,,,,,
3,2,1.6,7,0,,,,,,,,,,
3,3,1.6,7,0,,,,,,,,,,
3,4,1.6,7,0,,,,,,,,,,
3,5,1.6,7,0,,,,,,,,,,
3,6,1.6,7,0,,,,,,,,,,
3,7,1.6,7,0,,,,,,,,,,
3,8,1.6,7,0,,,,,,,,,,
3,9,1.6,7,0,,,,,,,,,,
3,10,1.6,7,0,,,,,,,,,,
3,11,1.6,7,0,,,,,,,,,,
3,12,1.6,7,0,,,,,,,,,,
3,13,1.6,7,0,,,,,,,,,,
3,14,1.6,7,0,,,,,,,,,,
4,0,0,3,0,,,,,,,,,,
4,1,1.2,15,0,,,,,,,,,,
4,2,1.5,3,0,,,,,,,,,,
4,3,1.2,15,0,,,,,,,,,,
4,4,1.6,3,0,,,,,,,,,,
4,5,1.2,15,0,,,,,,,,,,
4,6,1.7,3,0,,,,,,,,,,
4,7,1.7,10,0,,,,,,,,,,
4,8,1.2,3,0,,,,,,,,,,
4,9,1.5,10,0,,,,,,,,,,
4,10,1.5,3,0,,,,,,,,,,
4,11,1.8,10,0,,,,,,,,,,
4,12,1.4,3,0,,,,,,,,,,
4,13,1.6,10,0,,,,,,,,,,
4,14,1.3,3,0,,,,,,,,,,
4,15,1.4,10,0,,,,,,,,,,
4,16,1.8,3,0,,,,,,,,,,
4,17,1.5,10,0,,,,,,,,,,
4,18,1,3,0,,,,,,,,,,
4,19,1,10,0,,,,,,,,,,
4,0,27.1,4,1,,,,,,,,,,
4,1,0.7,4,1,,,,,,,,,,
4,2,0.8,4,1,,,,,,,,,,
4,3,1,4,1,,,,,,,,,,
4,4,1,4,1,,,,,,,,,,
4,5,1,6,1,,,,,,,,,,
4,6,1,4,1,,,,,,,,,,
4,7,1,6,1,,,,,,,,,,
4,8,1,4,1,,,,,,,,,,
4,9,1,6,1,,,,,,,,,,
4,10,1,6,1,,,,,,,,,,
4,11,1,6,1,,,,,,,,,,
4,12,1,6,1,,,,,,,,,,
4,13,1,6,1,,,,,,,,,,
4,14,1,6,1,,,,,,,,,,
4,15,1,6,1,,,,,,,,,,
4,16,1,6,1,,,,,,,,,,
4,17,1,6,1,,,,,,,,,,
4,18,1,6,1,,,,,,,,,,
4,19,1,7,1,,,,,,,,,,
4,20,1,7,1,,,,,,,,,,
4,21,1,7,1,,,,,,,,,,
4,22,1,7,1,,,,,,,,,,
4,23,1,7,1,,,,,,,,,,
4,24,1,7,1,,,,,,,,,,
4,25,1,7,1,,,,,,,,,,
4,26,1,7,1,,,,,,,,,,
4,27,1,7,1,,,,,,,,,,
4,28,1,7,1,,,,,,,,,,
4,29,1,7,1,,,,,,,,,,
4,30,1,7,1,,,,,,,,,,
4,31,1,7,1,,,,,,,,,,
4,32,1,7,1,,,,,,,,,,
5,0,0,14,3,,,,,,,,,,
5,1,1.8,14,3,,,,,,,,,,
5,2,1.8,14,3,,,,,,,,,,
5,3,2,14,3,,,,,,,,,,
5,4,2,14,3,,,,,,,,,,
5,5,1.8,14,3,,,,,,,,,,
5,6,2.2,14,3,,,,,,,,,,
5,7,2.1,14,3,,,,,,,,,,
5,8,2,14,3,,,,,,,,,,
5,9,2,14,3,,,,,,,,,,
5,10,1.8,14,3,,,,,,,,,,
5,11,2.2,14,3,,,,,,,,,,
5,12,1.3,14,3,,,,,,,,,,
5,13,2.6,14,3,,,,,,,,,,
5,14,2.6,14,3,,,,,,,,,,
5,15,2.6,14,3,,,,,,,,,,
5,16,2.6,14,3,,,,,,,,,,
5,17,2.6,14,3,,,,,,,,,,
5,18,2.6,7,3,,,,,,,,,,
5,0,1.3,5,0,,,,,,,,,,
5,1,1.7,5,0,,,,,,,,,,
5,2,1.9,5,0,,,,,,,,,,
5,3,2.2,7,0,,,,,,,,,,
5,4,1.7,7,0,,,,,,,,,,
5,5,2.1,7,0,,,,,,,,,,
5,6,2.3,7,0,,,,,,,,,,
5,7,1.9,7,0,,,,,,,,,,
5,8,1.9,7,0,,,,,,,,,,
5,9,2,7,0,,,,,,,,,,
5,10,2,7,0,,,,,,,,,,
5,11,0.7,5,0,,,,,,,,,,
5,12,2.6,6,0,,,,,,,,,,
5,13,2.6,5,0,,,,,,,,,,
5,14,2.6,7,0,,,,,,,,,,
5,15,2.6,7,0,,,,,,,,,,
5,16,2.6,7,0,,,,,,,,,,
5,17,2.6,7,0,,,,,,,,,,
5,0,38.6,15,1,,,,,,,,,,
5,1,1.3,15,1,,,,,,,,,,
5,2,1.3,15,1,,,,,,,,,,
5,3,1.3,15,1,,,,,,,,,,
5,4,1.3,15,1,,,,,,,,,,
5,5,1.3,15,1,,,,,,,,,,
5,6,1.3,15,1,,,,,,,,,,
5,7,1.3,10,1,,,,,,,,,,
5,8,1.3,10,1,,,,,,,,,,
5,9,1.3,10,1,,,,,,,,,,
5,10,1.3,10,1,,,,,,,,,,
5,11,1.3,10,1,,,,,,,,,,
5,12,1.3,10,1,,,,,,,,,,
5,13,1.3,10,1,,,,,,,,,,
5,14,1.3,10,1,,,,,,,,,,
6,0,0,15,2,,,,,,,,,,
6,1,2,15,2,,,,,,,,,,
6,2,2,15,2,,,,,,,,,,
6,3,2,15,2,,,,,,,,,,
6,4,2,15,2,,,,,,,,,,
6,5,8,15,2,,,,,,,,,,
6,6,2,15,2,,,,,,,,,,
6,7,2,15,2,,,,,,,,,,
6,8,2,15,2,,,,,,,,,,
6,9,9.4,15,2,,,,,,,,,,
6,10,2,15,2,,,,,,,,,,
6,11,2,15,2,,,,,,,,,,
6,12,2,15,2,,,,,,,,,,
6,13,2,15,2,,,,,,,,,,
6,14,2,15,2,,,,,,,,,,
6,0,9.5,3,3,,,,,,,,,,
6,1,1.5,3,3,,,,,,,,,,
6,2,1.5,3,3,,,,,,,,,,
6,3,1.5,3,3,,,,,,,,,,
6,4,9.5,3,3,,,,,,,,,,
6,5,1.5,3,3,,,,,,,,,,
6,6,1.5,3,3,,,,,,,,,,
6,7,1.5,3,3,,,,,,,,,,
6,8,1.4,3,3,,,,,,,,,,
6,9,12,3,3,,,,,,,,,,
6,10,1.1,3,3,,,,,,,,,,
6,11,1.5,3,3,,,,,,,,,,
6,12,1.1,3,3,,,,,,,,,,
6,13,1.7,3,3,,,,,,,,,,
6,14,0.9,3,3,,,,,,,,,,
6,15,1.9,3,3,,,,,,,,,,
6,16,0.9,3,3,,,,,,,,,,
6,17,2.9,10,3,,,,,,,,,,
6,18,2.8,10,3,,,,,,,,,,
6,19,2.5,10,3,,,,,,,,,,
6,20,3,10,3,,,,,,,,,,
6,21,2.7,10,3,,,,,,,,,,
6,22,3,15,3,,,,,,,,,,
6,23,2.1,15,3,,,,,,,,,,
6,24,3,15,3,,,,,,,,,,
6,25,2.9,15,3,,,,,,,,,,
6,0,52.6,10,1,,,,,,,,,,
6,1,2.7,10,1,,,,,,,,,,
6,2,2.5,10,1,,,,,,,,,,
6,3,3,10,1,,,,,,,,,,
6,4,2.8,10,1,,,,,,,,,,
6,5,2.9,15,1,,,,,,,,,,
6,6,2.8,15,1,,,,,,,,,,
6,7,2.3,15,1,,,,,,,,,,
6,8,3,15,1,,,,,,,,,,
6,9,2.7,15,1,,,,,,,,,,
7,0,0,14,0,,,,,,,,,,
7,1,1.5,14,0,,,,,,,,,,
7,2,1.8,14,0,,,,,,,,,,
7,3,1.5,14,0,,,,,,,,,,
7,4,1.8,14,0,,,,,,,,,,
7,5,1.5,14,0,,,,,,,,,,
7,6,1.8,14,0,,,,,,,,,,
7,7,1.5,14,0,,,,,,,,,,
7,8,1.8,14,0,,,,,,,,,,
7,9,1.5,14,0,,,,,,,,,,
7,10,1.8,14,0,,,,,,,,,,
7,11,1.5,14,0,,,,,,,,,,
7,12,1.8,14,0,,,,,,,,,,
7,13,1.5,14,0,,,,,,,,,,
7,14,1.5,14,0,,,,,,,,,,
7,15,1.4,14,0,,,,,,,,,,
7,16,1.5,14,0,,,,,,,,,,
7,17,1.6,14,0,,,,,,,,,,
7,18,1.2,14,0,,,,,,,,,,
7,19,1.9,14,0,,,,,,,,,,
7,20,1.8,14,0,,,,,,,,,,
7,0,32.2,15,1,,,,,,,,,,
7,1,1.6,15,1,,,,,,,,,,
7,2,1.6,15,1,,,,,,,,,,
7,3,1.6,15,1,,,,,,,,,,
7,4,1.6,15,1,,,,,,,,,,
7,5,1.6,15,1,,,,,,,,,,
7,6,1.6,15,1,,,,,,,,,,
7,7,1.6,15,1,,,,,,,,,,
7,8,1.6,15,1,,,,,,,,,,
7,9,1.6,15,1,,,,,,,,,,
7,10,1.6,15,1,,,,,,,,,,
7,11,0.8,6,1,,,,,,,,,,
7,12,0.5,6,1,,,,,,,,,,
7,13,0.5,6,1,,,,,,,,,,
7,14,0.5,6,1,,,,,,,,,,
7,15,0.5,6,1,,,,,,,,,,
7,16,0.5,6,1,,,,,,,,,,
7,17,0.5,6,1,,,,,,,,,,
7,18,0.5,6,1,,,,,,,,,,
7,19,0.5,6,1,,,,,,,,,,
7,20,0.5,6,1,,,,,,,,,,
7,21,0.5,6,1,,,,,,,,,,
7,22,0.5,6,1,,,,,,,,,,
7,23,0.5,6,1,,,,,,,,,,
7,0,33,7,3,,,,,,,,,,
7,1,1.6,7,3,,,,,,,,,,
7,2,1.6,7,3,,,,,,,,,,
7,3,1.6,7,3,,,,,,,,,,
7,4,1.6,7,3,,,,,,,,,,
7,5,1.6,7,3,,,,,,,,,,
7,6,1.6,7,3,,,,,,,,,,
7,7,1.6,7,3,,,,,,,,,,
7,8,1.6,7,3,,,,,,,,,,
7,9,1.6,7,3,,,,,,,,,,
7,10,1.6,7,3,,,,,,,,,,
8,0,0,5,2,,,,,,,,,,
8,1,2,5,2,,,,,,,,,,
8,2,2,5,2,,,,,,,,,,
8,3,2,5,2,,,,,,,,,,
8,4,2,10,2,,,,,,,,,,
8,5,2,10,2,,,,,,,,,,
8,6,2,10,2,,,,,,,,,,
8,7,2,10,2,,,,,,,,,,
8,8,2,10,2,,,,,,,,,,
8,9,2,10,2,,,,,,,,,,
8,10,2,10,2,,,,,,,,,,
8,11,2,10,2,,,,,,,,,,
8,12,2,10,2,,,,,,,,,,
8,13,2,10,2,,,,,,,,,,
8,14,2,10,2,,,,,,,,,,
8,0,28,5,1,,,,,,,,,,
8,1,1.7,5,1,,,,,,,,,,
8,2,1.5,5,1,,,,,,,,,,
8,3,1.2,5,1,,,,,,,,,,
8,4,1.2,10,1,,,,,,,,,,
8,5,1.4,10,1,,,,,,,,,,
8,6,1.8,10,1,,,,,,,,,,
8,7,1.4,10,1,,,,,,,,,,
8,8,1.5,10,1,,,,,,,,,,
8,9,0.9,15,1,,,,,,,,,,
8,10,1.8,15,1,,,,,,,,,,
8,11,1.8,15,1,,,,,,,,,,
8,12,1.8,15,1,,,,,,,,,,
8,13,1.8,10,1,,,,,,,,,,
8,14,1.8,10,1,,,,,,,,,,
8,15,1.8,10,1,,,,,,,,,,
8,16,1.8,15,1,,,,,,,,,,
8,17,1.8,15,1,,,,,,,,,,
8,18,1.8,15,1,,,,,,,,,,
8,0,41.5,15,0,,,,,,,,,,
8,1,1.8,15,0,,,,,,,,,,
8,2,1.8,15,0,,,,,,,,,,
8,3,1.8,10,0,,,,,,,,,,
8,4,1.8,10,0,,,,,,,,,,
8,5,1.8,10,0,,,,,,,,,,
8,6,1.8,10,0,,,,,,,,,,
8,7,1.8,15,0,,,,,,,,,,
8,8,1.8,15,0,,,,,,,,,,
9,0,0,5,3,,,,,,,,,,
9,1,2,5,3,,,,,,,,,,
9,2,2,5,3,,,,,,,,,,
9,3,2,5,3,,,,,,,,,,
9,4,2,5,3,,,,,,,,,,
9,5,2,3,3,,,,,,,,,,
9,6,2,3,3,,,,,,,,,,
9,7,2,3,3,,,,,,,,,,
9,8,2,3,3,,,,,,,,,,
9,9,2,3,3,,,,,,,,,,
9,10,2,3,3,,,,,,,,,,
9,11,2,3,3,,,,,,,,,,
9,12,2,3,3,,,,,,,,,,
9,13,2,3,3,,,,,,,,,,
9,14,2,10,3,,,,,,,,,,
9,15,2,10,3,,,,,,,,,,
9,0,1,8,2,,,,,,,,,,
9,1,2,3,2,,,,,,,,,,
9,2,2,3,2,,,,,,,,,,
9,3,2,3,2,,,,,,,,,,
9,4,2,3,2,,,,,,,,,,
9,5,2,10,2,,,,,,,,,,
9,6,2,10,2,,,,,,,,,,
9,7,2,10,2,,,,,,,,,,
9,8,2,10,2,,,,,,,,,,
9,9,2,10,2,,,,,,,,,,
9,10,2,15,2,,,,,,,,,,
9,11,2,15,2,,,,,,,,,,
9,12,2,15,2,,,,,,,,,,
9,13,2,15,2,,,,,,,,,,
9,14,2,15,2,,,,,,,,,,
9,15,2,15,2,,,,,,,,,,
9,0,32,10,1,,,,,,,,,,
9,1,2,15,1,,,,,,,,,,
9,2,4,15,1,,,,,,,,,,
9,3,4,15,1,,,,,,,,,,
9,4,3,10,1,,,,,,,,,,
9,5,2,10,1,,,,,,,,,,
9,6,2,10,1,,,,,,,,,,
9,7,2,15,1,,,,,,,,,,
9,8,2,15,1,,,,,,,,,,
9,9,3,15,1,,,,,,,,,,
9,10,1,15,1,,,,,,,,,,
9,0,32,15,0,,,,,,,,,,
9,1,4,15,0,,,,,,,,,,
9,2,4,15,0,,,,,,,,,,
9,3,4,15,0,,,,,,,,,,
9,4,2,10,0,,,,,,,,,,
9,5,2,10,0,,,,,,,,,,
9,6,2,10,0,,,,,,,,,,
9,7,2,15,0,,,,,,,,,,
9,8,2,15,0,,,,,,,,,,
9,9,2,15,0,,,,,,,,,,
10,0,0,5,3,,,,,,,,,,
10,1,1.8,5,3,,,,,,,,,,
10,2,1.8,5,3,,,,,,,,,,
10,3,1.8,10,3,,,,,,,,,,
10,4,1.8,10,3,,,,,,,,,,
10,5,1.8,10,3,,,,,,,,,,
10,6,1.8,10,3,,,,,,,,,,
10,7,1.8,10,3,,,,,,,,,,
10,8,1.8,10,3,,,,,,,,,,
10,9,1.8,10,3,,,,,,,,,,
10,10,14,5,3,,,,,,,,,,
10,11,1.6,5,3,,,,,,,,,,
10,12,1.6,5,3,,,,,,,,,,
10,13,1.6,5,3,,,,,,,,,,
10,14,1.6,5,3,,,,,,,,,,
10,15,1.6,15,3,,,,,,,,,,
10,16,1.6,15,3,,,,,,,,,,
10,17,1.6,15,3,,,,,,,,,,
10,18,1.6,15,3,,,,,,,,,,
10,19,1.6,5,3,,,,,,,,,,
10,20,1.6,5,3,,,,,,,,,,
10,21,1.6,5,3,,,,,,,,,,
10,22,1.6,15,3,,,,,,,,,,
10,23,1.6,15,3,,,,,,,,,,
10,24,1.6,15,3,,,,,,,,,,
10,25,1.6,15,3,,,,,,,,,,
10,0,16.2,5,1,,,,,,,,,,
10,1,2.5,5,1,,,,,,,,,,
10,2,2.5,5,1,,,,,,,,,,
10,3,1.5,10,1,,,,,,,,,,
10,4,1.5,10,1,,,,,,,,,,
10,5,1.5,10,1,,,,,,,,,,
10,6,1.5,10,1,,,,,,,,,,
10,7,1.5,10,1,,,,,,,,,,
10,8,1.5,10,1,,,,,,,,,,
10,0,31,14,2,,,,,,,,,,
10,1,1.6,14,2,,,,,,,,,,
10,2,1.6,14,2,,,,,,,,,,
10,3,1.6,14,2,,,,,,,,,,
10,4,1.6,14,2,,,,,,,,,,
10,5,1.6,14,2,,,,,,,,,,
10,6,1.6,14,2,,,,,,,,,,
10,7,1.6,14,2,,,,,,,,,,
10,8,1.6,14,2,,,,,,,,,,
10,9,1.6,14,2,,,,,,,,,,
10,10,1.6,14,2,,,,,,,,,,
10,11,1.6,14,2,,,,,,,,,,
10,12,1.6,14,2,,,,,,,,,,
10,13,1.6,14,2,,,,,,,,,,
10,14,1.6,14,2,,,,,,,,,,
10,15,1.6,14,2,,,,,,,,,,
11,0,0,5,0,,,,,,,,,,
11,1,1.4,5,0,,,,,,,,,,
11,2,1.5,5,0,,,,,,,,,,
11,3,2.5,5,0,,,,,,,,,,
11,4,2.4,5,0,,,,,,,,,,
11,5,2.6,5,0,,,,,,,,,,
11,6,2.9,5,0,,,,,,,,,,
11,7,2.8,5,0,,,,,,,,,,
11,8,2,5,0,,,,,,,,,,
11,9,2,5,0,,,,,,,,,,
11,10,2,5,0,,,,,,,,,,
11,11,2.4,5,0,,,,,,,,,,
11,12,2.4,5,0,,,,,,,,,,
11,13,2.4,5,0,,,,,,,,,,
11,0,1,7,2,,,,,,,,,,
11,1,1.4,7,2,,,,,,,,,,
11,2,2.4,7,2,,,,,,,,,,
11,3,2.3,7,2,,,,,,,,,,
11,4,2.3,7,2,,,,,,,,,,
11,5,2.5,7,2,,,,,,,,,,
11,6,3.2,7,2,,,,,,,,,,
11,7,2,7,2,,,,,,,,,,
11,8,2,7,2,,,,,,,,,,
11,9,2,7,2,,,,,,,,,,
11,10,2.2,7,2,,,,,,,,,,
11,11,2.4,7,2,,,,,,,,,,
11,12,2.4,7,2,,,,,,,,,,
11,0,29.3,14,1,,,,,,,,,,
11,1,1.6,14,1,,,,,,,,,,
11,2,1.6,14,1,,,,,,,,,,
11,3,1.6,14,1,,,,,,,,,,
11,4,1.6,14,1,,,,,,,,,,
11,5,1.6,14,1,,,,,,,,,,
11,6,1.6,14,1,,,,,,,,,,
11,7,1.6,14,1,,,,,,,,,,
11,8,1.6,14,1,,,,,,,,,,
11,9,1.6,14,1,,,,,,,,,,
11,10,1.6,14,1,,,,,,,,,,
11,11,1.6,14,1,,,,,,,,,,
11,12,1.6,14,1,,,,,,,,,,
11,0,30.1,15,3,,,,,,,,,,
11,1,1.6,15,3,,,,,,,,,,
11,2,1.6,15,3,,,,,,,,,,
11,3,1.6,15,3,,,,,,,,,,
11,4,1.6,15,3,,,,,,,,,,
11,5,1.6,15,3,,,,,,,,,,
11,6,1.6,15,3,,,,,,,,,,
11,7,1.6,15,3,,,,,,,,,,
11,8,1.6,15,3,,,,,,,,,,
11,9,1.6,15,3,,,,,,,,,,
11,10,1.6,15,3,,,,,,,,,,
11,11,1.6,15,3,,,,,,,,,,
12,0,0,4,1,,,,,,,,,,
12,1,1.2,4,1,,,,,,,,,,
12,2,1.2,4,1,,,,,,,,,,
12,3,1.2,6,1,,,,,,,,,,
12,4,1.2,6,1,,,,,,,,,,
12,5,1.2,4,1,,,,,,,,,,
12,6,1.2,4,1,,,,,,,,,,
12,7,1.2,4,1,,,,,,,,,,
12,8,1.2,6,1,,,,,,,,,,
12,9,1.2,6,1,,,,,,,,,,
12,0,0.6,4,2,,,,,,,,,,
12,1,1.2,4,2,,,,,,,,,,
12,2,1.2,6,2,,,,,,,,,,
12,3,1.2,6,2,,,,,,,,,,
12,4,1.2,6,2,,,,,,,,,,
12,5,1.2,4,2,,,,,,,,,,
12,6,1.2,4,2,,,,,,,,,,
12,7,1.2,6,2,,,,,,,,,,
12,8,1.2,6,2,,,,,,,,,,
12,9,1.2,6,2,,,,,,,,,,
12,10,0,7,2,,,,,,,,,,
12,11,2,7,2,,,,,,,,,,
12,12,1,7,2,,,,,,,,,,
12,13,2,7,2,,,,,,,,,,
12,14,1.3,7,2,,,,,,,,,,
12,15,1.3,7,2,,,,,,,,,,
12,16,1.3,7,2,,,,,,,,,,
12,17,1.3,7,2,,,,,,,,,,
12,18,1.2,7,2,,,,,,,,,,
12,19,1.5,7,2,,,,,,,,,,
12,20,1.5,7,2,,,,,,,,,,
12,21,1.5,7,2,,,,,,,,,,
12,22,1.5,7,2,,,,,,,,,,
12,23,1.5,7,2,,,,,,,,,,
12,24,1.5,7,2,,,,,,,,,,
12,25,1.5,7,2,,,,,,,,,,
12,26,1.5,7,2,,,,,,,,,,
12,27,1.5,7,2,,,,,,,,,,
12,28,1.5,7,2,,,,,,,,,,
12,29,1.5,7,2,,,,,,,,,,
12,30,1.5,7,2,,,,,,,,,,
12,0,20.3,5,0,,,,,,,,,,
12,1,1.5,5,0,,,,,,,,,,
12,2,1.5,10,0,,,,,,,,,,
12,3,1.5,10,0,,,,,,,,,,
12,4,1.5,10,0,,,,,,,,,,
12,5,1.5,10,0,,,,,,,,,,
12,6,1.5,10,0,,,,,,,,,,
12,7,1.5,10,0,,,,,,,,,,
12,8,1.5,5,0,,,,,,,,,,
12,9,1.5,5,0,,,,,,,,,,
12,10,1.5,10,0,,,,,,,,,,
12,11,1.5,10,0,,,,,,,,,,
12,12,1.5,10,0,,,,,,,,,,
12,13,1.5,10,0,,,,,,,,,,
13,0,0,5,1,,,,,,,,,,
13,1,2.4,5,1,,,,,,,,,,
13,2,2.4,5,1,,,,,,,,,,
13,3,2.4,5,1,,,,,,,,,,
13,4,2.4,15,1,,,,,,,,,,
13,5,2.4,15,1,,,,,,,,,,
13,6,2.4,15,1,,,,,,,,,,
13,7,2.4,15,1,,,,,,,,,,
13,8,2.2,15,1,,,,,,,,,,
13,9,2,5,1,,,,,,,,,,
13,10,2,5,1,,,,,,,,,,
13,11,2,5,1,,,,,,,,,,
13,12,2,7,1,,,,,,,,,,
13,13,2,7,1,,,,,,,,,,
13,14,2,7,1,,,,,,,,,,
13,0,1.2,5,2,,,,,,,,,,
13,1,2.4,5,2,,,,,,,,,,
13,2,2.4,5,2,,,,,,,,,,
13,3,2.4,5,2,,,,,,,,,,
13,4,2.4,15,2,,,,,,,,,,
13,5,2.4,15,2,,,,,,,,,,
13,6,2.4,15,2,,,,,,,,,,
13,7,2.4,15,2,,,,,,,,,,
13,8,2,5,2,,,,,,,,,,
13,9,2,5,2,,,,,,,,,,
13,10,2,5,2,,,,,,,,,,
13,11,2,7,2,,,,,,,,,,
13,12,2,7,2,,,,,,,,,,
13,13,2,7,2,,,,,,,,,,
13,14,2,7,2,,,,,,,,,,
13,0,32,7,3,,,,,,,,,,
13,1,1.5,7,3,,,,,,,,,,
13,2,1.5,7,3,,,,,,,,,,
13,3,1.5,7,3,,,,,,,,,,
13,4,1.5,7,3,,,,,,,,,,
13,5,1.5,7,3,,,,,,,,,,
13,6,1.5,7,3,,,,,,,,,,
13,7,1.5,7,3,,,,,,,,,,
13,8,1,14,3,,,,,,,,,,
13,9,1.5,14,3,,,,,,,,,,
13,10,1.5,14,3,,,,,,,,,,
13,11,1.5,14,3,,,,,,,,,,
13,12,1.5,14,3,,,,,,,,,,
13,13,1.5,14,3,,,,,,,,,,
13,14,1.5,14,3,,,,,,,,,,
13,15,1.5,14,3,,,,,,,,,,
13,0,33,7,0,,,,,,,,,,
13,1,1.5,7,0,,,,,,,,,,
13,2,1.5,7,0,,,,,,,,,,
13,3,1.5,7,0,,,,,,,,,,
13,4,1.5,7,0,,,,,,,,,,
13,5,1.5,7,0,,,,,,,,,,
13,6,1.5,7,0,,,,,,,,,,
13,7,1.5,7,0,,,,,,,,,,
13,8,1,10,0,,,,,,,,,,
13,9,1.5,10,0,,,,,,,,,,
13,10,1.5,10,0,,,,,,,,,,
13,11,1.5,10,0,,,,,,,,,,
13,12,1.5,10,0,,,,,,,,,,
13,13,1.5,10,0,,,,,,,,,,
13,14,1.5,10,0,,,,,,,,,,
13,15,1.5,10,0,,,,,,,,,,
14,0,0,5,2,,,,,,,,,,
14,1,4.8,5,2,,,,,,,,,,
14,2,4.8,5,2,,,,,,,,,,
14,3,4.8,5,2,,,,,,,,,,
14,4,4.8,5,2,,,,,,,,,,
14,5,4.8,5,2,,,,,,,,,,
14,6,4.8,5,2,,,,,,,,,,
14,7,2.4,5,2,,,,,,,,,,
14,8,1.2,5,2,,,,,,,,,,
14,9,1.2,5,2,,,,,,,,,,
14,10,1.2,5,2,,,,,,,,,,
14,11,1.2,5,2,,,,,,,,,,
14,12,1.2,5,2,,,,,,,,,,
14,13,1.2,5,2,,,,,,,,,,
14,14,1.2,5,2,,,,,,,,,,
14,15,1.2,5,2,,,,,,,,,,
14,16,0.6,15,2,,,,,,,,,,
14,17,3.6,14,2,,,,,,,,,,
14,18,1.3,14,2,,,,,,,,,,
14,19,1.4,14,2,,,,,,,,,,
14,20,1.4,14,2,,,,,,,,,,
14,21,3.5,14,2,,,,,,,,,,
14,22,2.1,14,2,,,,,,,,,,
14,23,2.1,14,2,,,,,,,,,,
14,0,2.4,9,0,,,,,,,,,,
14,1,4.8,15,0,,,,,,,,,,
14,2,4.8,15,0,,,,,,,,,,
14,3,4.8,15,0,,,,,,,,,,
14,4,4.8,15,0,,,,,,,,,,
14,5,4.8,15,0,,,,,,,,,,
14,6,4.8,15,0,,,,,,,,,,
14,7,0.6,15,0,,,,,,,,,,
14,8,1.2,15,0,,,,,,,,,,
14,9,1.2,15,0,,,,,,,,,,
14,10,1.2,15,0,,,,,,,,,,
14,11,1.2,15,0,,,,,,,,,,
14,12,1.2,15,0,,,,,,,,,,
14,13,1.2,15,0,,,,,,,,,,
14,14,1.2,15,0,,,,,,,,,,
14,15,1.8,14,0,,,,,,,,,,
14,16,1.2,14,0,,,,,,,,,,
14,17,1.2,14,0,,,,,,,,,,
14,18,1.2,14,0,,,,,,,,,,
14,19,1.4,14,0,,,,,,,,,,
14,20,1.4,14,0,,,,,,,,,,
14,21,1.4,14,0,,,,,,,,,,
14,22,1.4,14,0,,,,,,,,,,
14,23,2.1,14,0,,,,,,,,,,
14,24,2.1,14,0,,,,,,,,,,
14,25,2.1,14,0,,,,,,,,,,
14,26,1.4,7,0,,,,,,,,,,
14,27,2.1,7,0,,,,,,,,,,
14,28,2.1,7,0,,,,,,,,,,
14,29,2.1,7,0,,,,,,,,,,
14,30,2.1,7,0,,,,,,,,,,
14,31,2.1,7,0,,,,,,,,,,
14,32,2.1,7,0,,,,,,,,,,
14,33,2.1,7,0,,,,,,,,,,
14,0,42.6,14,1,,,,,,,,,,
14,1,1.2,14,1,,,,,,,,,,
14,2,6.7,14,1,,,,,,,,,,
14,3,1.4,14,1,,,,,,,,,,
14,4,2.1,14,1,,,,,,,,,,
14,5,2.1,14,1,,,,,,,,,,
14,6,4.2,15,1,,,,,,,,,,
14,7,2.1,15,1,,,,,,,,,,
14,8,2.1,15,1,,,,,,,,,,
14,9,2.1,15,1,,,,,,,,,,
14,10,2.1,15,1,,,,,,,,,,
14,11,2.1,15,1,,,,,,,,,,
14,12,2.1,15,1,,,,,,,,,,
14,0,58.2,15,3,,,,,,,,,,
14,1,1.4,5,3,,,,,,,,,,
14,2,2.1,5,3,,,,,,,,,,
14,3,2.1,5,3,,,,,,,,,,
14,4,2.1,5,3,,,,,,,,,,
14,5,2.1,5,3,,,,,,,,,,
14,6,2.1,5,3,,,,,,,,,,
14,7,2.1,5,3,,,,,,,,,,
14,8,2.1,5,3,,,,,,,,,,
15,0,0,0,0,5,10,10,10,10,,,,,
16,0,0,0,0,6,10,10,10,10,,,,,
17,0,0,0,0,7,10,10,10,10,,,,,
18,0,0,0,0,8,10,10,10,10,,,,,
19,0,0,0,0,9,10,10,10,10,,,,,
20,0,0,0,0,10,10,10,10,10,,,,,
21,0,0,0,0,11,10,10,10,10,,,,,
22,0,0,0,0,12,10,10,10,10,,,,,
23,0,0,0,0,13,10,10,10,10,,,,,
24,0,0,0,0,14,10,10,10,10,,,,,
25,0,0,0,0,5,15,15,15,15,,,,,
26,0,0,0,0,6,15,15,15,15,,,,,
27,0,0,0,0,7,15,15,15,15,,,,,
28,0,0,0,0,8,15,15,15,15,,,,,
29,0,0,0,0,9,15,15,15,15,,,,,
30,0,0,0,0,10,15,15,15,15,,,,,
31,0,0,0,0,11,15,15,15,15,,,,,
32,0,0,0,0,12,15,15,15,15,,,,,
33,0,0,0,0,13,15,15,15,15,,,,,
34,0,0,0,0,14,15,15,15,15,,,,,
35,0,0,0,0,5,20,20,20,20,,,,,
36,0,0,0,0,6,20,20,20,20,,,,,
37,0,0,0,0,7,20,20,20,20,,,,,
38,0,0,0,0,8,20,20,20,20,,,,,
39,0,0,0,0,9,20,20,20,20,,,,,
40,0,0,0,0,10,20,20,20,20,,,,,
41,0,0,0,0,11,20,20,20,20,,,,,
42,0,0,0,0,12,20,20,20,20,,,,,
43,0,0,0,0,13,20,20,20,20,,,,,
44,0,0,0,0,14,20,20,20,20,,,,,
45,0,0,0,0,5,30,30,30,30,,,,,
46,0,0,0,0,6,30,30,30,30,,,,,
47,0,0,0,0,7,30,30,30,30,,,,,
48,0,0,0,0,8,30,30,30,30,,,,,
49,0,0,0,0,9,30,30,30,30,,,,,
50,0,0,0,0,10,30,30,30,30,,,,,
51,0,0,0,0,11,30,30,30,30,,,,,
52,0,0,0,0,12,30,30,30,30,,,,,
53,0,0,0,0,13,30,30,30,30,,,,,
54,0,0,0,0,14,30,30,30,30,,,,,
55,0,0,0,0,5,40,40,40,40,,,,,
56,0,0,0,0,6,40,40,40,40,,,,,
57,0,0,0,0,7,40,40,40,40,,,,,
58,0,0,0,0,8,40,40,40,40,,,,,
59,0,0,0,0,9,40,40,40,40,,,,,
60,0,0,0,0,10,40,40,40,40,,,,,
61,0,0,0,0,11,40,40,40,40,,,,,
62,0,0,0,0,12,40,40,40,40,,,,,
63,0,0,0,0,13,40,40,40,40,,,,,
64,0,0,0,0,14,40,40,40,40,,,,,
65,0,0,0,0,5,50,50,50,50,,,,,
66,0,0,0,0,6,50,50,50,50,,,,,
67,0,0,0,0,7,50,50,50,50,,,,,
68,0,0,0,0,8,50,50,50,50,,,,,
69,0,0,0,0,9,50,50,50,50,,,,,
70,0,0,0,0,10,50,50,50,50,,,,,
71,0,0,0,0,11,50,50,50,50,,,,,
72,0,0,0,0,12,50,50,50,50,,,,,
73,0,0,0,0,13,50,50,50,50,,,,,
74,0,0,0,0,14,50,50,50,50,,,,,
